2.082626145423297492e-01
7.999511491960591414e-01
8.700094454218147977e-01
1.368418460779352586e-02
4.230390267753055822e-01
5.138149426992221214e-01
1.788518274922205054e-01
1.447236693056908052e-02
4.158253805721076057e-01
3.388795552791060706e-01
6.344300274655917393e-01
4.940074441316901765e-01
8.038400992403541556e-01
2.840279725564487379e-02
1.243730307984725059e-02
2.046581064507683179e-01
8.974700219603722884e-01
3.667150160637348000e-01
4.995439824394999340e-01
3.227676484202364193e-01
1.593509303471841720e-01
6.476048725220114877e-01
3.631783114588517103e-01
5.382813208163352847e-01
9.685797992516790300e-01
3.790171129277642992e-01
3.292223993115651615e-01
1.458335863655405573e-01
4.371200111980134695e-01
8.492134170954447336e-01
1.315051787565851837e-01
1.639212927821577237e-01
2.415633874979680185e-01
6.376651545929959974e-01
4.414135761746211806e-01
7.381059171482216019e-01
6.871224404673983432e-01
9.357235513134913862e-01
5.634456922521599020e-01
8.174893685100445007e-01
5.413355385951672538e-01
4.997817415360314985e-01
7.414602107546856002e-01
5.356969036919541072e-01
4.718430425499694492e-01
7.837299254417668948e-01
5.392806446087665684e-01
3.152172246860334148e-01
7.997534180481499222e-01
2.448057613143729272e-01
4.340776962776016212e-01
5.008263487433219918e-01
2.525118153377688968e-01
6.009416255378471350e-01
7.873082962403885610e-01
1.311609195257114058e-01
7.743665111942710233e-01
3.334970629982187962e-01
1.313961094287521281e-01
4.377592528249953929e-01
2.532584790617464776e-02
8.455809433565355526e-01
1.146956725008749789e-01
3.953266722960191437e-02
6.422244343105668607e-01
2.182421331266646281e-01
2.331507735392370773e-01
8.251826806512168044e-01
9.562452175077059691e-01
9.955467356662067724e-01
7.883570877881662664e-02
5.704215265987693240e-01
4.768173408407572200e-02
3.783396365774345238e-01
3.923500546068882100e-01
9.514853208308883259e-01
5.321255822603970786e-01
8.531662675658030492e-01
6.436837422909205131e-01
5.086135603333462596e-01
4.163613544515998299e-03
2.815915590457872542e-01
1.284742626033342772e-01
9.400229237478154865e-01
3.810527030569595963e-01
3.590813094794050864e-01
6.476106727051605949e-01
8.488009750387772723e-01
8.905393618760613084e-01
6.370921254003552026e-01
2.743115204272685848e-01
8.608310125434924798e-01
9.792974940611076651e-02
5.595499362873457283e-02
2.116860278530671158e-01
2.012296925272163417e-01
1.396564442582275412e-01
6.012932374593328300e-01
9.527625073070569162e-01
1.767683639271847573e-01
8.365964054993705323e-01
1.806878925962900340e-01
2.630935767640535383e-01
1.728339031151276961e-01
3.601560636828335937e-01
3.489468199927716618e-01
6.072597117122483512e-01
7.389551682364974283e-01
2.543905875918457404e-01
6.908480531856863172e-01
4.834440047239612070e-01
1.170148902958845216e-01
5.275923454069741947e-02
6.474926184131307716e-01
3.034519827759721844e-01
6.307511922543344030e-01
2.243369569327915425e-01
2.640232397393776909e-01
8.343939418092443105e-01
5.719764836758411963e-02
7.445816899047228432e-01
7.329281486583405503e-03
8.829544289295221393e-01
8.677520529529485493e-01
6.061898621370885865e-01
6.055484435924285425e-01
2.060378907698521278e-01
2.443032424000457503e-03
9.207153524546176637e-01
7.786062139457696762e-01
9.947732343053065085e-01
6.537831827923507033e-01
4.456407652748642922e-01
5.821249457337881461e-01
8.834538172153931779e-01
3.197859634791488936e-01
2.193557371682941515e-02
7.415776035161388835e-01
3.043095661745298663e-02
9.108823461963378998e-01
3.495273476291815840e-01
4.255064236896259899e-01
5.859703549252901489e-01
7.040892208747842052e-01
1.170665693743937474e-01
8.643360496082199695e-01
2.142528533574810101e-01
2.781357322146746913e-01
5.536266944592926897e-02
9.747529528019630574e-01
3.926333995579811553e-02
1.723165896273304298e-02
6.851330087570639549e-01
1.352093076866675014e-01
8.146379173489668446e-01
1.144830561158515225e-01
6.559574437314933393e-01
9.146714544598397723e-01
1.898910250642762421e-01
8.438891019286735018e-01
6.250215285725266856e-01
2.014813163211224278e-01
3.428743629132484649e-01
9.462805932226263650e-01
9.033953408279206121e-01
7.398012138001408555e-02
7.829721511798924949e-01
5.623397213981885523e-01
2.455010010426982303e-01
7.693634223520833260e-01
8.828532311035175439e-02
3.016154433278551705e-01
1.602922451218141697e-01
8.423841664764643022e-01
5.247685231094381120e-01
9.348676777810767113e-01
4.055673662738149554e-01
8.914988910954588786e-01
1.050634737709339461e-01
5.735536735578533607e-01
8.952721909060377126e-01
5.189984936644598257e-01
6.732376115512255232e-01
7.701950568502490269e-01
3.562289367788152861e-01
7.358139256822773255e-01
9.924522619598340478e-01
7.598030638137875936e-01
9.546394299354060697e-01
1.687615292124999833e-01
9.268871757740498873e-01
4.669309807557975311e-03
3.176074064473787262e-01
7.188656903106036555e-01
9.075681429218239726e-01
5.272767141018357417e-01
6.672507316289741919e-01
2.934725796771914252e-01
1.400541978313211144e-01
8.155228670245880940e-01
7.756015777247424747e-01
2.474070225673797863e-01
6.861922089935649227e-01
6.508711311606515393e-01
8.592959004513769372e-01
4.933004526482979157e-01
6.939331160169385226e-01
1.447969303116823925e-01
1.767056011727704545e-01
3.423692318201190243e-01
7.244378300100684509e-01
7.049129910210002459e-01
1.881465714763375097e-01
6.861540098027070211e-01
8.217931402397395946e-01
5.306296264072066782e-01
5.490339917687088178e-01
7.544803743770839288e-01
5.441524834626390028e-01
7.943869781261173602e-01
2.786369960522115941e-01
7.063550220228163035e-01
5.059576431480100611e-01
2.869827915314401290e-01
1.441137385032236207e-01
7.522771892230549762e-01
8.974950258604863507e-02
3.294478309588776410e-01
7.103991152525556130e-01
8.533464814737531379e-01
5.630732222081966665e-01
2.421694595715013776e-01
3.458591240144845980e-01
1.973523793644876845e-01
5.658296494594661219e-01
6.449668938705297450e-01
5.527397300517195022e-01
7.277046074678737986e-01
1.952207435157042870e-01
1.292818522157305194e-01
8.627253734997375467e-01
3.026362827068026506e-01
4.249164036329180494e-01
5.100431123494341135e-01
9.176902853601116572e-01
6.690714185021947591e-01
6.348987924775876257e-01
2.277605476797561757e-01
3.017075664713264604e-01
5.549908233968550153e-01
4.322470174714601043e-01
9.037082496709742951e-01
3.743238189661557414e-02
2.246866604653241506e-02
9.775142622874700704e-01
7.996300500475231887e-01
4.662455371306764018e-01
3.181075808118525305e-01
8.603070757715571837e-01
5.679940461972470267e-01
5.023888476177218454e-02
8.632700189194819629e-03
9.679904591237776801e-01
6.692346877635413360e-02
9.490953929918538590e-01
9.152099297932549948e-01
6.057994713294523326e-01
3.209042664822974178e-01
7.818451226241615037e-01
5.519628878025941709e-01
9.060823837580578299e-01
3.788350333423092797e-01
4.459779878128036223e-01
4.786011261567931774e-01
8.128898826400189348e-01
7.115928661522674670e-01
6.400502903521378961e-01
8.986899891615288682e-01
3.087796343822934997e-01
3.337862082715596923e-01
5.869939838526452291e-01
2.149140910331899246e-01
6.826076450293415698e-01
8.769803404419872495e-01
5.483995893473164740e-01
9.878011309858851785e-01
1.672920494786427348e-01
7.359528857094883580e-01
4.948109119843686621e-01
2.249380827437661434e-01
7.094896431028369088e-01
5.178629116880831829e-01
5.052996549751359590e-01
1.790882670376980901e-02
9.862747146069581472e-01
2.215956263952242322e-01
2.748340532453491525e-01
4.931465848136159513e-01
4.854743359364339650e-01
2.303152884006514078e-01
4.536002030590258194e-02
4.823883958935778482e-01
2.867584978175946597e-01
7.470731912061872038e-01
7.116736372826985013e-01
2.872373846473064152e-01
9.569962032132643959e-01
8.830291753768930718e-01
5.905926917707694512e-01
4.870350196870945059e-01
9.970818425277687691e-01
9.785478717660130998e-01
7.009228647441297921e-01
4.654916450532289307e-01
8.864768901679210833e-01
9.260972506325126918e-01
4.634671237692036261e-01
6.050004304535959720e-01
1.952452680316328903e-01
5.394068975089419959e-01
9.453931686549480462e-01
7.543770315534410464e-01
1.939375189831716861e-01
6.612962423447056315e-01
4.503134934811530155e-01
1.150226686034313550e-01
4.273449334172160219e-01
9.165675408871456487e-01
5.383710530489017598e-01
1.561344660667127737e-01
4.918713107120028516e-01
1.638608339497038546e-02
8.135009451384418444e-01
3.286645388446701732e-01
7.842494774781358924e-01
4.600699256588580699e-01
7.449933804124005965e-01
8.657782565115196283e-01
6.085813229392996737e-01
2.809887318022398217e-01
7.190965031711460398e-05
8.104929002273250083e-01
9.160970617120617332e-01
6.121559000561157537e-01
8.037538714300925813e-01
1.641284481592090172e-01
5.406743950174370816e-01
6.390362847799542223e-01
4.220725008860818361e-01
5.019978774927926768e-01
4.247997633342744939e-01
4.337478533676839554e-01
9.635327643752625848e-01
6.409491420680600848e-01
2.288877012266419264e-01
8.321633104688050953e-01
6.037541372549551921e-01
8.241639871958496011e-01
1.069387836932855773e-01
7.694996379090930372e-01
4.925756936297002175e-01
6.395155851691458615e-01
5.828806667539465636e-01
2.433015248324894575e-01
2.181217110449222840e-01
2.660295745692908831e-02
4.128801220407642969e-01
5.473439748590651632e-01
1.050403633515862856e-01
7.951957769439905732e-01
6.675765795069331654e-01
8.195363502398018696e-01
2.554953153786423403e-01
9.300764032525919989e-01
3.379274867293445839e-01
1.827505270935381176e-02
1.972200610623092709e-01
9.375906754651107677e-01
5.383079900895318959e-01
6.666608968104184019e-01
2.447553192617628604e-01
6.229446338983988252e-01
3.806665432398723681e-01
3.937329579754479392e-01
6.694337477487659616e-01
4.134735538871014970e-01
1.604687367925942132e-01
1.793344542226654736e-01
6.392486824789136435e-01
3.271647569347690965e-02
7.092018672340073548e-01
5.687155282446130222e-01
4.875910664460717525e-01
6.625595570181131988e-01
3.358862205409832713e-01
5.489322761856429977e-01
1.828328241275295474e-01
6.358653773566533829e-01
6.951247067507376753e-01
3.395087057540593367e-01
5.870045133739856258e-01
1.794574933850687781e-01
7.548685376032409078e-01
9.232766946920566431e-01
3.301919447565138110e-02
7.559604041792353790e-01
7.248290759203634970e-02
5.310907221389679078e-01
6.054646514456212270e-01
1.504499427567989045e-01
1.421896890458892448e-01
2.455364964997476251e-01
8.526823666730017903e-01
2.156196546044443219e-01
6.251183663445503136e-02
2.144924027146600798e-01
6.261267777474893714e-01
5.068907385276583133e-01
5.876951053679687620e-01
6.400726263709753949e-01
5.094943613994347142e-01
2.224372468088042787e-02
8.076323159662376350e-01
9.590294117406412688e-01
6.116857775791412211e-01
9.688211171878678973e-01
1.708176655191788740e-01
9.840872586624804796e-02
9.323909633918502360e-01
1.907856686469150409e-01
7.757128986873973453e-03
4.124615376239070264e-01
8.191271563354745044e-01
2.439258911824396803e-01
6.183575000145024037e-01
9.199469160683285684e-01
1.128741884021318143e-01
8.117617250601778522e-01
1.233402481688805619e-02
6.511210760511116913e-01
4.189637411517509458e-01
2.764596287124816421e-01
2.415143742276626426e-02
7.441086770910605441e-01
9.206945441129773533e-01
8.046368289372856086e-01
7.277375198991927752e-01
7.164702849076265423e-02
8.252128709646157079e-01
8.131981503703893388e-01
1.640412832975004509e-01
9.009090470351802660e-01
7.490296977918159405e-01
2.169665984236494038e-01
4.566202523810085623e-01
8.371739891789049537e-01
3.797210931845775850e-01
3.654811452098737368e-01
9.393793344069562012e-01
6.125409927413657529e-01
1.509154856437688874e-01
7.582004161845222745e-01
8.823714447180874831e-01
5.093463973189941152e-01
5.867433113336383288e-01
4.716346553319450408e-01
4.711283456597836761e-02
5.192305805565827770e-01
8.734904692940366200e-01
9.301843673266680934e-01
4.204306041662329019e-01
2.022949607628882207e-01
4.290434558277270716e-01
6.763294738839447096e-01
6.809946549370088364e-01
8.527041337060179416e-01
4.948344069355191666e-01
1.112201715425746862e-01
2.722608569723307115e-01
6.991839050589436777e-01
5.512164578886267208e-01
7.794442285679530347e-01
5.531780413795733820e-01
9.540994866030908517e-01
4.356753747761329398e-01
9.139833469247418130e-01
6.190229449701299957e-01
2.316473985940816771e-01
9.950731739284026656e-01
2.771982975035248709e-01
3.353685946846701738e-01
6.547813247984251017e-01
9.763492220734115712e-01
1.913610762024158252e-01
2.688747996839034871e-01
3.662046326230821158e-01
2.504127169996293034e-01
1.719142143035228276e-01
5.543069730088566738e-01
5.181292787558413604e-01
2.700293226769324706e-01
3.316015609145794851e-02
1.021140164070983847e-01
9.039944452091540628e-01
4.420451999040417856e-01
7.985273317172503216e-02
3.383260877354438145e-01
2.191363379806161582e-01
2.615783228283639072e-01
1.386693229445453701e-01
1.229789349641233764e-01
5.509715535419480448e-01
6.906549147503158181e-01
5.918854417697861914e-01
9.951396783412080893e-01
2.470936468566025113e-01
6.007963088526404594e-01
8.763029682355051309e-01
9.253245874526927484e-01
7.000466219521926936e-01
1.600466296885239004e-02
6.590426173520870234e-01
9.178605191712685407e-01
8.634443440767974876e-01
3.913496393745610202e-01
2.788334217428455331e-01
4.660906309390580038e-01
9.794687925437406406e-02
9.359394244418296482e-01
8.175322572735357340e-01
4.437532449120085154e-02
4.149925591947619674e-01
5.439401571691593329e-01
1.877000813796922962e-01
4.860869996455385866e-02
1.691849029627494616e-01
5.612497923681303291e-02
8.895563709678289133e-02
4.907219852170918717e-02
4.511476915280345779e-01
8.055683700040190409e-01
2.203567124242460373e-01
3.909337216995280029e-01
2.044016608099398224e-01
7.630112392461405602e-01
3.586177057737323093e-01
3.242804271135368843e-01
1.630463270028864597e-01
7.529078967164370972e-02
6.684905787940685906e-01
3.574769840866339754e-01
6.790694030530248781e-01
2.741688401039912293e-01
8.578828197711247938e-01
1.980082673859850928e-02
1.624701158376590238e-01
7.147362012410294341e-01
6.647799009510814150e-01
6.730260322288748043e-01
5.061198512529518911e-02
4.648378496167675511e-01
4.990880613909078889e-01
4.934825074746963525e-01
4.558811984799908679e-01
7.454923415741994130e-01
3.919948707347303829e-01
8.313288092594033341e-01
4.065938792702685767e-01
8.775351240466000569e-02
5.399490290592634523e-01
8.598142835764915892e-01
6.616724528272850403e-01
2.824949365068030183e-01
7.077193954178262469e-02
2.936057799949823854e-01
8.869326105550434658e-02
5.447545372669837516e-02
2.445463521294521936e-02
9.432546714277374456e-01
6.239820008628457204e-01
5.027126671317635465e-01
2.794490553100489327e-01
1.401516662670312385e-01
1.716216478232464038e-01
1.419113216190617255e-01
4.991253721504443908e-01
3.388896805042510563e-01
3.326121916148994107e-01
2.406945643395901335e-01
2.982163747073951487e-01
2.696178902211184836e-01
8.137095102526961110e-01
3.585073680366556159e-01
7.318134647741976195e-01
6.586788782542198906e-01
2.052695890558038361e-01
5.495929465801929759e-02
1.816198801988737621e-01
7.644422055200447153e-01
9.205897019883853005e-01
9.171198585404255477e-01
3.657816472854338308e-01
7.557541389224098349e-02
5.492752381898814429e-01
6.205429116713395699e-01
4.138067841467768515e-01
1.002542952445135693e-01
9.969893491980045264e-01
6.161375483746361903e-01
4.410942125113614942e-02
9.084734970422102540e-01
5.289073360845240046e-01
1.760567252676814576e-01
5.541231961768421366e-01
6.330263635751978146e-01
3.000781120743545305e-02
1.960449304780771396e-01
6.984459871599282277e-01
7.504464766980533108e-01
8.949730895081702275e-01
3.873887080447542264e-01
9.909624541265473763e-01
7.735495986953171421e-01
3.980958982096615140e-01
2.229442434574495646e-01
6.376010418206330410e-01
2.017552127617244784e-01
9.839658022264041737e-01
6.860209216577218827e-01
3.558026524341081354e-01
3.223719244813187945e-01
8.683542220699149716e-01
9.153394124617914018e-01
1.112245939446265819e-02
9.123967636281734572e-01
2.977083268752689360e-01
3.335601210980309039e-01
2.618766801487897311e-01
9.801948755039171512e-01
3.720276856571976820e-01
7.383026689833770417e-01
5.208349182936263810e-01
6.393314763059081418e-01
6.188623205847080255e-01
6.730054146983873720e-01
5.156006763511463697e-01
9.162208667415988605e-01
8.566033443944632841e-01
8.965027887346797009e-01
7.203259853030402615e-01
1.468789719612062505e-01
4.299101787744717962e-01
3.290825588381802724e-01
9.953549580785593376e-01
7.104353593038821302e-01
9.781102543018740381e-01
6.741131333181712426e-01
7.961659954012478835e-02
1.158062127396993768e-01
9.019932423549779088e-01
8.847045385246880000e-01
2.857425946697603747e-01
7.690288763568783326e-01
3.823110142013269597e-01
6.393727369679231831e-01
1.006587082308642023e-01
3.800188053920505737e-02
4.362952565195239440e-01
6.658821029408701353e-02
4.173372386402777190e-01
9.494279092696222833e-01
4.291639898148880139e-01
6.705065520679852620e-01
2.724814884338918608e-01
9.495546629773375935e-01
6.771515683106217320e-01
8.620643988417515668e-01
6.996908067758433880e-03
5.238880032168061751e-01
5.066042700522253028e-01
8.771575862271979718e-01
6.031222020800295347e-01
8.523430745269302555e-01
5.386526168068492826e-01
7.076285568894685740e-01
5.277221838176650026e-01
9.946458363430410454e-01
2.866852541405362498e-02
9.527527442363444843e-01
8.323961679692605253e-01
4.753860002169888466e-01
8.282051211863004081e-01
8.406671027724220702e-01
5.633363358251212150e-01
1.116173888786217150e-01
6.960181751225056335e-01
3.970909433074354400e-01
2.095545768004752896e-01
3.013749410877744062e-01
6.742503394389687266e-02
8.835663216681088894e-02
5.229374769477845852e-01
9.637237749713069013e-01
4.383523282002323995e-01
6.968888666263642895e-01
8.975446806261514476e-01
5.951301134171274043e-01
5.323778403834488193e-01
9.009057653000512866e-01
6.094046578961744842e-01
7.276589629767855616e-01
6.864319800410620953e-01
8.147776646131329459e-01
9.483424045456751994e-01
6.665160725462544455e-01
2.623225755683327165e-01
1.341881897469797691e-01
5.961237875867129166e-01
6.363919809218997470e-01
8.358911018241446111e-01
4.008064635187791325e-01
9.664688475822568181e-01
5.768904980255151749e-02
6.074319140775427117e-01
9.997866266137419577e-01
5.116551265388925573e-01
9.186653662953240262e-01
9.924668576786911389e-01
3.755849415457501728e-01
6.623341261087722920e-02
7.626596567586531039e-01
5.955762680621812244e-02
5.919576054680091293e-01
7.028407692764008230e-01
3.724204175420905427e-01
7.702906396623638852e-01
8.920998554978355477e-01
2.385994484274511773e-01
9.648527147061627396e-01
9.558418475858170282e-01
2.966492132200903020e-01
2.162513266008074808e-01
7.952439540593425615e-02
6.494283907699927028e-02
6.913244803795938198e-01
9.131857997148717931e-02
4.609146683880888107e-01
6.686411171255053354e-01
2.018875178904894208e-01
5.595898140577385549e-01
2.654512829956368059e-01
6.316161982143794207e-01
8.452017976122416787e-01
8.497233387547298289e-02
9.801820428293738230e-01
2.437090562795929394e-02
4.853320305866991591e-01
2.212712257725190090e-01
5.060621194531541578e-01
1.175940827944057521e-01
1.763735770480130416e-01
4.808060594589566028e-01
5.294517418095311401e-01
7.436201244665993082e-01
1.409491290010889131e-01
8.736919167980788936e-01
3.811027582390269508e-01
5.322247560660031684e-01
2.524391075123926242e-01
5.641787016899849627e-01
4.835413352913348062e-01
5.471101800057440734e-01
8.859321622018639930e-01
1.480486601452982720e-01
9.964537047831178995e-01
2.629610061274354482e-01
1.732666471940658148e-02
6.467459594431732572e-01
8.360612948344281481e-02
3.118675489057531891e-02
9.421584259967831221e-01
4.749502386392800979e-01
8.842930127553438879e-01
8.136781917685427246e-01
8.927285302873602113e-01
7.417570003773135134e-01
1.154433236566088095e-01
4.011187100774571412e-01
5.518693526088446211e-01
8.573279087527130304e-01
8.438128944604565973e-01
9.008489293804307074e-01
7.538674186763147933e-01
4.223767189693140578e-01
8.041963001318244153e-01
7.910004801276230291e-01
2.754322515502981572e-01
3.902316749026725207e-01
7.883844221157217946e-01
6.552220680664139207e-01
4.492773390049860094e-01
5.700734031908112343e-01
8.619952888028582505e-01
7.571765737858078271e-01
4.678978847185366607e-02
4.291424339032878787e-01
5.990741035213310584e-01
9.336797371947369584e-01
6.537338869019995169e-01
8.574999733748749353e-01
5.238016267189943287e-01
6.121502780768823815e-01
6.508925414816397748e-01
6.918644913968724497e-01
9.645572871396871362e-01
1.933670460344761866e-01
6.449577757562171554e-01
4.888866110360295947e-01
6.786875882730237786e-01
8.090315131472480825e-01
8.258234458091151531e-01
3.925583770935135997e-01
5.898966957591343929e-01
9.630858468298737485e-01
1.332396119568973747e-01
6.580237563279341950e-01
1.930259459297042346e-01
7.838397936123622234e-01
1.431150690986093821e-02
5.250760979157970132e-01
2.752097187006811163e-01
1.573316237615008939e-01
1.956307107240368159e-01
4.438588545497245130e-01
9.311785883113138373e-01
1.977211192728447475e-01
2.746376306460069916e-01
8.040350116664398694e-01
9.758549516992638395e-01
3.224642824945126440e-01
2.135405540477938180e-01
8.259121558626969506e-01
2.459824015620231119e-01
5.701768981406214465e-01
9.637334684471842161e-01
2.248183491891343477e-01
5.765807801401349186e-01
1.555529062945523178e-01
3.382800295057433182e-01
4.730240290572242934e-01
8.214803333341380576e-02
1.464600839943996924e-01
5.237230646103496756e-01
9.615234100562004560e-01
3.695554793713032860e-01
2.934101380036191475e-02
8.232630558177400637e-02
1.586716538482074723e-01
5.127414373694925143e-01
6.706726879149529363e-01
1.635364329597509547e-01
4.869501285819367586e-01
2.079301136877426126e-01
5.181836469786849086e-01
9.803056344777630882e-01
5.703288322268134092e-01
2.106464805180332522e-01
5.945566957054368995e-01
5.728522691117863275e-01
6.497438983957287695e-01
7.785091711316450835e-01
9.136498571280572412e-01
1.154402624531593036e-01
9.359406825716277689e-01
8.833244387423572208e-01
7.269921249365959293e-01
3.453032559595482498e-01
9.625953906133047910e-01
2.890732047754165368e-01
8.179210331844048998e-01
2.471044419537979930e-01
1.564884346983629326e-01
8.741105872532073384e-01
2.014009832708213432e-01
1.387404823835214351e-01
2.938901678394640893e-01
4.912042422664533170e-01
7.260556012304387741e-01
8.685384914889010544e-01
9.332913721620355041e-01
3.269055697025922136e-01
6.155804122609431772e-01
7.087510663827590873e-01
8.196990365158596248e-01
4.884508396227662530e-01
1.984837804475469980e-02
1.148101642921783849e-02
3.557151081728949782e-01
1.105744330800173536e-01
4.482836019939369088e-01
4.509502759996208976e-01
4.583353770602504040e-01
8.015636111548898324e-01
1.180248261798387821e-01
1.172048179350634323e-01
9.984210307467812351e-01
2.031838228084547060e-01
3.190148943317827612e-01
7.937981248440203474e-01
2.575719611191589209e-01
4.467972116894068924e-01
8.192991531465411148e-01
1.093378496107288989e-02
6.286587886495451638e-01
4.098917713850974698e-01
9.463620236868099944e-01
3.604115817687746359e-01
2.452036131681764042e-01
7.945721566792376400e-01
4.948033293591408421e-01
7.008511061116426966e-01
3.453931534953574856e-01
1.832694041417696207e-01
9.804270735607971687e-01
3.850884904136137044e-01
4.037895067333415744e-01
4.398054163735156674e-01
7.574039883850435251e-01
3.801276192612861315e-01
9.604856151891485450e-01
6.713253235111102946e-01
8.641090439622979291e-01
5.977553354168220201e-01
7.658666968620286841e-02
6.029495804997135888e-01
8.807094274187015071e-01
1.083187931672887627e-01
2.031731230164106616e-01
9.170862844721761054e-01
4.410378041677003313e-01
7.227933681385412257e-02
5.744577569404356598e-01
7.308592958042829935e-01
9.547373045033735739e-02
3.926620759259625837e-01
2.181440043822182595e-01
4.841823591088514345e-01
8.856344555162931620e-03
6.853945677525683511e-01
3.030035948470174434e-01
5.229522848970856730e-01
3.984391543655085854e-01
5.637061039257806883e-01
5.880719856169004389e-01
3.061225899135248119e-01
7.411505296876901294e-01
8.971320987717112949e-02
8.005046527569192882e-02
9.528847069195575115e-01
2.088091993973771876e-01
3.500215530673433939e-01
4.862378390006203421e-01
7.142663838502042450e-01
3.283309718065318128e-01
7.397261733085134239e-01
3.062084670524232166e-01
8.003672824766703275e-01
8.906626823479343313e-01
4.299492869380836524e-01
7.146246998145096008e-01
4.351872381753463248e-01
7.278752716905967368e-02
4.948742742895374525e-01
2.845418380833516503e-01
1.510338665405788205e-01
3.726897384525962309e-02
5.600064222093211752e-01
7.827063804883360731e-01
9.613440398559828237e-01
4.561292226625308643e-01
8.651442450912669724e-01
8.279784595357840837e-01
9.366785342191472630e-01
5.632722210416147846e-01
3.680860770762268697e-01
9.319144042257336835e-01
5.028931154697119377e-01
2.808937702285337901e-01
6.132690809681053956e-01
8.367705020471495336e-01
3.785422094153704231e-01
5.492096863009909846e-02
4.500201155875742653e-01
1.478533430231647738e-01
1.275186064124936847e-01
6.340366394223053703e-01
1.118308972227687326e-01
4.025959756019841240e-01
4.210276433548496566e-01
6.639222107895415004e-02
9.268781933501557546e-03
3.693926296765914774e-01
7.781844952102900947e-02
6.947853609981567979e-01
9.870253177328228711e-01
3.172871906429214350e-01
6.858729779176402364e-01
8.223086754259848474e-01
4.500445176562432037e-01
9.434414932962031930e-02
8.168577695568882691e-01
6.668118331067629523e-02
6.557432239027398690e-01
6.388523098296479130e-01
6.319098607729075612e-01
9.769659074347305516e-01
6.482386467311245237e-01
9.152701989115804571e-01
2.508601918823030186e-01
3.390250577783119335e-01
5.293466606816574771e-01
2.423943577942720973e-01
9.183744223971745946e-02
9.999260389617986577e-01
3.840867183629893544e-01
7.991338603175053290e-01
2.697056479979822452e-01
4.536627135883726236e-01
1.985512764961862020e-01
8.348535321810028886e-01
2.944755587947255338e-01
1.044590265202148816e-01
3.027796109583282824e-01
4.273937840549154599e-01
9.597081654338803780e-01
9.307948801796395166e-01
3.703708205687642474e-01
3.827339998125185438e-01
9.345982656886986373e-01
5.711029234991575887e-01
4.073186210143324715e-01
1.349998235876259667e-01
5.711676283625495287e-01
7.172759175497266382e-01
8.397936354055585140e-01
7.116292061119797729e-01
6.424759220826380401e-01
9.090765686744074481e-01
3.784845381611628978e-01
8.791965831884237526e-01
9.139413441104020652e-01
1.057538338841381709e-01
4.966258674320684907e-01
7.456023106119591404e-01
6.209905103177399965e-01
4.208333626162570340e-01
6.459430532328930274e-01
5.615383161550265845e-01
5.171605682473247034e-01
9.550397595420467844e-01
7.918891696401845204e-01
1.808512251410439031e-01
4.414401852809549665e-01
9.293077131172581273e-01
5.556152189117868900e-02
5.747913332378131734e-01
1.316169084836368297e-01
5.313661259469748543e-01
7.578521665529042162e-01
6.621250615339396850e-01
3.173239793671073228e-01
5.449660117628930545e-01
5.538350508526060922e-01
2.821164344850924932e-01
2.675960790585568683e-01
7.011814997312344477e-01
1.616678286131699727e-01
7.167641374978708235e-01
4.592511958662600646e-01
1.825498467231514432e-01
8.464694001104323684e-01
9.332173456595236338e-01
6.313873420249183077e-01
1.958895648631316933e-01
6.954591773676471744e-01
8.498352815343201971e-01
5.924884804011995021e-01
5.491753012508736598e-01
5.698737345947758604e-01
5.513490125877748005e-01
9.217168228022019072e-01
2.410237456808457246e-01
9.932430645897060151e-01
4.021635634638188739e-01
6.847453698685670442e-01
6.408708564704157506e-01
6.885596755856306928e-01
4.367242363787235959e-01
7.698185184373300682e-01
4.683325461093210684e-01
3.954825328252464800e-02
5.594162150565031855e-01
2.523254360018652998e-01
2.330712283534430718e-02
7.273946690832860940e-01
2.282672108248746667e-01
5.007956098478855145e-01
8.049860209277873713e-01
3.596514523253209195e-01
3.417751947505991428e-01
9.747603923409913218e-01
4.574845097783163395e-01
6.456072290495710186e-01
3.611471590689460109e-01
2.185685289760371797e-01
9.846093619896669757e-01
3.078861898070150982e-02
6.827410046125066412e-01
1.511187157966292771e-01
9.429683194693061488e-02
8.601934061727604108e-01
1.937877143786823630e-01
9.093855039618546909e-01
7.153231056472904026e-01
1.540360857202268674e-01
8.949124010827832487e-01
6.473400397550866936e-01
4.005750029478969410e-01
6.113485986175999365e-01
7.671229950055151736e-01
8.053858243600601208e-01
4.101878714480780008e-01
6.588046475272357760e-02
4.088170758559217521e-02
9.305279275608826506e-01
5.238409227893048303e-01
7.734320337908537901e-01
1.110549690939677259e-02
3.185999104707187835e-01
2.794520490012991631e-01
4.680428869823570759e-01
6.199511932790102708e-01
8.707358901811558249e-01
9.032498561234183487e-01
3.888124833440808059e-01
5.375273792795334238e-01
3.235103371723511145e-01
3.066728721378743083e-01
7.557394945006279396e-01
2.468736773392992134e-01
5.946279987177338633e-01
6.244844216000829951e-01
7.684043940521041449e-01
1.714862108805783603e-01
5.237889056834382773e-01
3.859188862835760681e-03
6.478678865511222629e-02
3.355435567782403261e-01
1.227626674325495992e-01
5.019028641529131862e-01
7.487247759487520860e-01
1.224129748307479781e-01
6.447246326905039515e-01
2.907935233185001689e-01
9.240196516708861774e-01
1.825120834553295435e-01
8.550660551227585726e-01
9.309566219419338484e-01
4.705010663932241988e-01
3.141238494326566988e-01
4.421528291874859962e-01
3.508837573007801414e-01
5.236199521840559923e-01
4.670341746349265799e-01
7.801560064047127208e-01
1.805345453051303561e-01
8.566157874186641763e-02
4.192615114882484173e-01
6.917774675411225704e-01
2.180488510966270832e-01
9.491689969468513066e-01
8.391984306553212924e-01
7.716401532903895966e-01
5.771787215996739828e-01
4.162771347539004907e-01
4.916460626479977059e-01
3.937374981361152493e-02
8.579332529920180583e-01
4.062217154020952847e-01
1.947384784950858538e-01
4.616780084219047620e-01
4.086232546443677727e-01
8.386857861772024636e-01
3.579798312350239708e-01
5.214034344165363599e-01
5.987231297523287754e-02
7.810693834802470148e-01
6.115323337031115525e-01
2.091233714086350171e-01
5.900106696183112787e-01
1.445972397398619380e-01
2.301933321599920479e-01
2.985610375397501626e-01
2.354053610954154330e-02
4.000414587947287437e-02
1.771145111498072522e-01
3.682581703469554046e-01
1.385404456887052715e-01
5.969316402697162349e-01
9.587702893695828621e-01
1.555844993579849067e-01
6.025925042636867124e-01
5.156594805880346799e-01
5.352510351505868069e-01
6.300711470090841759e-01
3.995780989452515364e-01
9.260952873492102055e-01
3.768347114068015813e-01
4.668190332278633337e-01
5.090643656126122574e-01
9.433924830787659976e-01
5.443795278494278911e-01
6.890694117004864117e-01
3.300965058190833412e-01
6.143766409521008720e-01
8.249773098545111205e-01
9.820690584199025519e-01
4.638614089638709581e-01
9.982555996852299218e-01
3.441611234306511946e-01
7.804773706644477782e-01
5.627773472973303104e-01
7.885914436586178855e-01
8.411655849074086699e-01
9.404450714560594893e-01
9.146145259180860076e-02
3.120724398591623316e-02
5.811929399053050727e-01
4.351945997968443836e-01
2.425228755391423130e-01
4.336340546152118725e-01
7.294464348094550354e-01
9.490598506713179283e-01
1.436334022340851613e-01
3.142043756378205543e-01
7.536721165584567839e-01
8.730813513355946132e-01
3.836182051628385103e-01
4.619320824432209260e-01
1.942859804201448881e-01
6.507565875487199003e-01
6.738082424876975507e-01
3.481418949944071750e-01
5.767963550055734689e-01
5.157089085469079848e-02
5.680963807340206895e-01
1.837146069663380121e-01
5.438506598661948521e-01
2.395771074706535275e-01
8.983702084859919168e-01
6.996935276273165139e-01
3.181819147247194612e-01
5.596048422516035625e-01
8.353494635179622430e-01
3.832059269887578834e-01
6.023688271772734693e-01
7.189924792721481550e-01
2.933625704940208134e-01
4.724904309501976041e-02
2.108620245279979599e-02
2.906622575896303795e-01
5.981170527778989499e-01
7.624912011322831917e-01
5.605509991106871759e-03
3.890402764645974898e-01
8.887262865730415351e-01
4.995046746158116058e-01
2.503036969627921993e-01
4.436321363661338557e-01
3.972086184814306309e-01
2.464653864680577122e-01
8.543378726438459747e-01
9.030849056236510686e-01
4.780237103911399998e-01
8.220504679264972747e-01
7.245970487067388000e-01
2.149559178270943338e-01
3.638342342430540555e-01
6.994874734987084341e-01
3.665798067840978502e-01
3.569217935802863062e-01
3.758878308386714995e-02
9.589119882077035140e-02
1.643606634792388332e-01
1.460817931171413120e-01
8.796552136022297574e-01
5.116660582149019643e-01
3.760061307168616196e-01
7.086656192901662488e-01
3.914327507132209227e-02
8.010449418139907740e-01
4.311340023570138236e-01
4.925189654272320583e-01
8.980744815811479986e-01
9.931847854841542311e-01
9.384309323046675644e-01
5.045685468231637660e-01
4.441608363230151735e-01
4.608998313171578376e-01
2.181315186688052021e-01
1.693300281405313301e-01
7.806535989305432022e-01
2.955021054130529956e-01
9.671161204185738658e-01
5.530336914992649566e-01
4.478024658209261988e-01
6.119489020961466075e-02
2.927541218972555814e-01
4.490339086277121972e-01
7.273411786137797819e-01
6.713232692160477910e-01
1.001649299354585576e-01
4.751549576707332356e-01
8.302821482380959850e-01
2.083852246952578868e-01
2.515954120840478980e-01
1.203499011294232313e-01
8.382984593592697209e-01
4.240051792992017843e-01
9.279190426791262825e-01
8.974372842431722619e-01
9.455665721604789020e-01
5.022945657070374548e-01
6.392376135467831011e-01
3.280447424554321367e-01
5.315191316090472906e-01
8.916223810189218835e-01
3.718827680315205386e-01
9.372276099711711606e-01
4.308773336034088519e-01
3.709985083062870004e-01
9.916197191121316479e-01
5.775532968940189082e-02
8.512835785095840269e-01
6.199720515577352709e-01
3.368868811715441947e-02
9.612931863401281696e-01
8.772616765240176528e-01
6.306194572413810207e-01
8.704962126694510971e-01
8.810680008788664974e-01
4.702779986714503702e-01
9.336936440276111249e-01
8.236572046887054022e-01
9.450063635980859855e-01
4.652415950794163146e-01
1.788602319537829777e-01
6.512776853215719308e-01
4.992280848610251009e-01
8.888362538445705452e-01
9.056390564731220394e-01
7.689305600692389886e-01
1.983242031363892099e-01
6.531596825978586152e-01
7.978350842631281026e-01
6.489383787016352878e-01
7.855913306842540189e-01
5.618968668338155670e-01
7.215638990517634355e-01
9.438610435209927596e-01
9.948920893951987976e-01
2.634738442090738264e-01
6.192437185110710729e-02
6.551820217600242691e-01
1.649091975217057415e-01
5.741674836177930175e-01
5.502859483686165509e-01
6.960658058806190596e-02
1.359500560219859544e-01
3.864351299664474659e-01
6.411505508520113361e-01
1.365426684187408535e-01
8.667595761136800414e-01
7.803935145671743179e-01
5.547418158204497907e-01
7.005147809958246485e-01
9.872781720693454277e-01
4.745261179535568141e-01
7.505078098070291359e-01
2.113760590481663648e-01
1.514474740779856443e-01
5.687589578350702446e-01
7.303567885697122009e-01
1.023134378636688657e-01
3.975527793813411481e-01
6.017439869355751814e-01
6.216878573741579928e-01
7.047985896452456656e-01
4.634330128865462584e-01
3.981624603795870243e-01
6.432858968734267435e-02
7.709741049373752819e-01
6.669098998437175130e-01
7.316324985296999150e-01
8.047881335559304850e-01
9.827844691865555982e-01
7.238561627304886947e-01
6.864978444674652014e-01
3.346818636138368941e-01
3.350511967625865450e-01
1.143094503201874668e-01
8.921218366468359751e-01
4.951087258347192099e-01
5.541050861953024098e-01
2.395051036515002396e-01
1.413674174839967268e-01
3.718966450701541859e-01
1.660340577834146236e-01
5.021056766842904029e-01
1.595385889140477076e-02
3.867692613962881998e-01
1.744311008097332305e-02
5.155909610808916410e-01
9.335448688570435749e-01
1.846623444098571820e-01
3.046743695890308246e-02
1.692091380007796353e-01
9.374685259800437098e-01
1.294010980926757481e-01
2.177102661924553706e-01
7.595687665558471524e-01
5.126465416508950712e-01
1.013705126513543275e-01
8.934779969707673519e-01
9.008785961662599817e-01
2.448553718126111889e-01
6.418291922777392688e-01
9.695030212812240089e-01
4.833007337907396783e-01
2.141458170844918740e-01
5.773067045277247011e-01
6.754584805713942375e-01
3.781117739692870794e-01
2.896862577729264476e-02
4.808435933682149166e-01
6.869708098660823881e-01
5.757514298111843232e-01
9.980633650549318725e-01
4.898644588435092651e-01
5.371835545020109404e-02
7.555106125089030566e-01
1.477091639385018640e-01
8.226913382435085964e-01
9.161375696426403703e-01
7.821776652645499039e-01
2.666352189985402577e-01
6.396470209900689818e-01
1.380245083035567255e-01
2.914919385849352729e-01
5.783821597026033157e-01
1.226507992081787846e-01
4.155744431360933744e-01
4.233217742157356911e-01
5.530736421372787204e-01
7.249482086211578302e-01
3.130877919329387860e-01
7.018218835616744089e-01
4.545957868223903242e-01
3.168458621661816021e-01
5.130752335076521620e-01
8.496945383322361822e-01
8.066245400883276240e-01
8.601627834406767592e-01
5.461027728655587499e-01
5.944465275873389576e-02
2.898571397069867883e-01
8.040663092013341506e-01
1.216371314846703688e-01
7.607516702904322248e-01
9.541239791606070941e-01
5.734863832713877896e-01
5.588509208601342149e-01
2.822938276253621481e-01
3.074346838888208922e-01
6.857473077964045816e-01
6.965360452673287073e-01
2.242522901642532984e-01
5.624474407704744827e-01
9.006715176416543178e-01
5.996003524545649999e-01
1.307705456901113727e-01
8.735800046318555889e-01
8.037938606171041167e-01
5.606794459973439837e-01
8.237045925069093055e-01
3.982726034425476680e-02
5.935965606915003523e-01
5.134250486406780611e-01
7.674849510523552576e-01
6.371839827090237662e-01
6.488027914544181041e-02
1.812139580509029013e-01
5.085152448329236519e-01
4.225083505525549787e-01
4.824105109265025559e-01
2.116747871611714960e-01
9.652255646542960976e-01
9.991030053045006909e-01
3.131529026309014530e-01
3.378907548991120224e-01
2.626941676781728852e-01
7.492491846170900027e-01
6.908070850845052790e-01
5.772650780735298914e-01
6.883352830522329047e-01
6.979364496486033520e-01
8.695397599065410876e-01
3.551091955492962082e-01
6.484819918465050126e-01
7.690150642262575387e-01
6.524733938039145587e-01
1.200288037018978349e-01
6.925035788393387737e-01
2.234024671875954882e-01
1.369298142296804244e-03
9.654215956589894398e-01
8.634612358700659573e-01
1.480935179873509311e-01
6.462787082307437370e-01
2.295855840413932869e-01
9.669611957194771401e-01
4.371298690822004174e-01
7.542125823735492673e-01
6.574499346338374961e-01
9.355631177095224960e-01
4.147894374708346321e-01
2.815441541838451522e-01
9.593499404364126404e-01
8.170413381837487998e-01
3.481483055797554016e-01
4.572225599656676298e-02
3.002039652340248166e-01
8.812880061139447552e-01
9.243043249303617426e-02
7.231354335285783419e-01
9.237314610388415170e-01
7.330792540189455808e-01
6.479431377506563727e-01
1.269533495801981049e-01
4.832172502442577677e-02
6.159948063517233230e-01
1.576647648217248676e-01
5.101036708433367428e-01
2.899037347362353190e-01
4.515547199030345293e-01
4.431499039387870598e-01
7.620507892282144535e-01
6.283541323480225094e-01
2.659313107808425336e-03
1.666482831846524126e-01
9.298903558903974798e-01
8.344765301914175426e-01
4.162177492209223617e-01
9.066580604981571145e-01
3.553403390629482628e-01
1.276811849843411117e-01
1.317638093291961798e-02
1.966054659794576054e-01
3.609756940998550823e-01
4.038517214246687415e-01
8.319493623717659769e-01
5.427117986968290619e-01
9.803937347856995776e-01
1.670898310965452938e-01
6.156219497724837453e-01
7.746979796112318795e-01
3.159687448781833830e-01
7.981143745702349301e-01
9.957805745669401354e-02
6.921307560107570200e-02
8.389767312761986506e-02
5.469089611981687860e-01
4.963706088959540796e-01
5.119997735790292603e-01
4.615797912478395437e-01
3.568066947243091480e-01
3.520456406460312770e-01
9.955916283256295296e-01
8.048298910802441641e-01
8.113569292032272173e-01
4.202896041414823092e-01
8.230623428460499547e-01
3.309301434210127901e-01
1.405433805476830056e-01
5.354991702595949254e-01
3.703363295485981865e-01
4.551836022807199678e-01
8.852415559618140861e-01
3.027383782606637430e-01
7.396435944363600745e-01
7.567676550092947707e-01
7.911217935711698512e-01
2.134432276644124826e-01
9.055145091594256623e-01
4.694593636050882202e-01
2.634515156499352972e-01
9.079778339630273365e-01
5.014919238982792349e-01
9.086033965835702553e-01
9.921918008058392413e-01
9.517935058039466156e-01
4.821194994355164631e-01
5.993132039219084550e-01
8.625414467278242903e-01
8.094057061672218500e-01
8.129602127022071967e-01
4.396095822267144237e-01
1.879736243708421961e-01
9.852737564315512397e-01
9.702670784752454036e-02
6.950757492516494995e-01
4.884067512905998498e-02
5.887670122602890466e-01
2.375045796196757486e-01
9.788140537594693935e-01
7.322770159599509832e-01
8.410966384932263562e-01
5.870947136414182976e-01
6.425163248584931930e-01
9.781160513837205972e-01
8.648939810828921715e-01
7.230876705786425385e-01
9.492364932563009949e-01
2.045249329454542631e-01
7.336517584426514027e-01
2.185907094899063319e-01
3.757722239758288785e-01
9.457952857650264722e-02
6.878132045150145979e-01
1.803454866499702991e-01
6.732140879977710490e-02
5.767296294332714401e-01
6.351525040719790960e-01
2.651483988544104387e-01
7.874973276885544049e-01
7.076111221110952254e-01
1.581398583346033115e-01
6.855858722750913792e-01
5.012709777385720988e-01
5.178841551756756534e-01
5.509613922112907014e-01
5.773449041326157438e-01
2.434671613127492584e-01
6.795009680748722580e-01
3.800419181211776021e-01
1.708959832221804698e-01
5.970436524983548932e-01
5.855929295307649163e-02
6.863309837738726937e-01
6.751311269508952773e-01
4.794382838758486365e-01
6.511535199785500883e-02
2.930221491860203198e-01
5.333395124567280599e-01
1.153940382987314051e-01
1.383486412796172127e-01
4.968995721842970337e-01
4.575333367104250648e-03
3.136426423398145369e-01
8.871469450919614586e-01
5.479818371746767447e-01
9.642977886131707255e-01
6.355711871574910576e-01
9.709460203428785796e-01
1.691634434763268358e-01
2.692820991242450557e-01
1.062783842942479628e-01
5.279754089525174887e-01
4.555876014259513385e-01
1.693153073021218535e-01
7.571998497884392387e-01
8.369404429491046349e-01
3.466904590030825961e-01
7.148316370034740741e-01
9.749362661980996991e-01
7.360319270395723201e-01
7.205399729878496640e-01
5.028716053518791362e-01
3.377023614947054497e-01
6.971023169992288659e-01
2.475261776673026715e-01
4.773822105317112596e-01
6.230505731688785742e-01
9.518366458144977837e-01
2.716145556208394707e-01
1.440281388353282788e-01
2.973082840847518504e-02
4.033123734254767667e-01
3.522790253000935845e-01
3.919389309725703763e-01
1.751967117082491310e-01
1.498301975430800237e-01
6.281905357771334630e-01
3.180306907552179485e-01
9.081174575966710627e-01
7.019455881375623596e-01
7.654960811924635955e-01
6.801296528509686024e-01
1.376027202206608901e-02
8.298764714926420982e-01
3.006155526934629618e-01
7.428280463124464772e-01
4.209948035515007625e-01
7.509972814491981952e-01
5.262242185525547455e-01
2.597829618618485714e-02
3.142780013222949975e-01
3.355399796867375439e-02
7.129241963887017475e-01
4.488754952731354164e-01
5.147429274652138842e-01
6.536482221848418650e-01
8.610812437401721420e-01
7.995227565873636033e-01
4.005243215450858818e-01
9.006720161681599501e-01
2.518516157658825527e-01
3.179629935680190478e-01
2.909384719715516487e-01
8.966109842421299270e-01
8.193019926384077500e-01
1.325623425153872326e-01
3.688147867824730364e-01
6.469058995315202232e-02
4.550574494755821320e-03
7.369216298389791309e-02
4.910206998061988903e-01
8.631109780202655957e-01
5.933083421890300579e-01
7.946296024555533632e-01
8.220699697995540456e-01
6.843719846479112690e-01
3.576840461051902231e-01
7.245803135922259663e-01
6.184852397849216477e-01
6.709398293015134129e-01
5.532034046773465219e-01
4.037235782585956168e-01
3.260780600638315541e-01
2.199217926984550209e-01
7.188380367955246042e-01
5.775569080871107985e-01
7.292758409855623070e-01
7.548432290157311986e-01
3.393355532842741162e-01
9.543418606765508017e-02
6.685323422745453881e-01
7.004449397364483909e-01
9.140910686397571983e-01
1.922471708054254158e-01
7.340521031644579031e-01
6.390218506520443098e-01
8.662770341480483527e-01
8.308579331880904251e-01
5.432318222158982746e-02
5.346170742933729070e-01
2.648495351213927540e-01
3.527132103927992368e-01
4.429921440311007652e-01
7.717577721993061912e-01
5.148270524910409929e-01
3.335545627281973902e-01
5.741538174858119570e-01
5.602098801112725956e-01
7.533725367413459661e-01
9.484548937758285891e-01
1.764443558748758356e-01
8.766907753107022749e-01
8.859810309702329523e-01
2.581165851769389175e-01
8.718534718224699720e-01
6.513424580052658008e-01
7.597245160916531459e-01
5.886743328560450905e-02
4.763065979745478851e-01
3.042476199144509286e-01
6.115541380086980672e-01
6.820636088741123260e-01
3.885521312880629852e-01
3.186584795220048782e-03
2.468148853740196325e-01
1.647760854636171057e-02
2.702623989664236781e-01
8.093775491156518509e-01
8.629712983645426716e-01
3.925709120831494259e-01
2.878290685199159649e-01
7.152351094143201138e-01
2.521695484702529688e-01
7.912769728044185547e-01
9.567635984988402953e-01
3.197712313629917924e-01
3.544685599321750757e-01
3.778292412148707147e-01
1.205510964119510531e-01
6.687174148165113685e-01
6.018587050212642620e-02
9.960581305741397218e-01
3.046145277338750956e-01
7.893377959745525585e-01
2.137487350560330901e-01
2.251407465085726312e-01
8.191461443626852912e-01
5.617207478783657892e-01
1.817860209442200281e-01
1.443293270412504548e-02
5.304518130063365922e-01
2.663263947158341916e-01
2.717960922768023480e-01
1.647256668766983179e-02
3.591217059717485283e-01
1.542792731259796657e-01
9.685327181903625737e-01
4.042238774927687794e-01
2.367573295188040161e-01
9.289268498273893782e-01
7.229254099360856722e-01
8.599657932288917728e-01
5.054198241867970953e-01
7.789312328144758490e-01
1.320838544299005601e-01
9.933810444764387126e-01
4.538566031504216447e-01
1.826446397396805921e-01
2.545901072707549284e-01
8.858708581283575301e-01
2.753857802679456901e-01
7.955086923847212166e-01
8.858870749125289379e-01
4.070831235710410390e-01
2.455127290266945206e-01
6.011189281799437234e-01
4.967090261246676075e-01
9.082738860375068057e-01
1.404545784986874768e-01
3.333657825628799642e-02
3.026715610219689045e-01
6.128887335571288064e-01
5.844361051192239476e-01
8.317724091207372439e-01
7.918681196079372375e-01
5.033526277775326463e-01
9.958061245953886420e-02
8.250596020117794138e-01
6.215644717940371766e-01
6.511377204621882075e-01
8.972308075821652240e-01
8.999084348432333513e-01
3.946177794494649671e-01
2.784818859506787980e-02
7.842946219123534402e-01
6.159623811237382451e-01
1.024814642780539353e-01
2.153659574959874146e-01
4.529472711014795872e-01
9.179403370443564025e-01
5.940654649382310915e-01
7.084117822637934214e-01
5.437809851202975997e-01
7.203575968462068158e-01
2.102800693942161736e-01
8.962698438621493624e-01
2.762881533292766978e-01
8.649486354697776269e-01
8.335858534335993664e-01
5.954116563226611314e-01
7.753239334627978208e-01
7.098567645357501954e-01
7.121321211715166966e-01
8.586207506331853256e-01
6.954071845833510457e-01
4.642694475736287574e-01
9.047661918453113739e-01
9.538917939959532521e-01
4.911795640783856998e-01
2.988131034560123078e-01
6.629887397363544155e-01
1.803376128230207431e-01
1.708961908635378002e-01
7.942715173067737000e-01
9.204531381002579726e-01
5.886379449362151295e-01
9.256682313405296680e-01
3.036601173566332301e-01
2.124066218962357144e-01
1.132478039647213386e-01
6.394926214449099255e-01
1.043159744101873621e-02
7.096335988244754089e-01
6.791402085762239249e-01
7.108122151379997478e-01
6.198364208451723201e-02
2.094104482762331187e-01
2.513198995303310701e-01
3.071003167243124832e-01
2.965907120938594543e-01
2.166953050630303634e-01
9.917330504902299726e-01
2.961410134285014095e-02
5.599647652908101847e-01
8.003179372812646575e-01
9.388664807182585115e-01
9.666423067320466522e-01
9.247899797200361816e-01
5.027877240529358138e-01
6.902048896507582132e-01
6.363097305115417157e-01
4.918748699767649946e-01
2.582197549325229158e-01
8.526356207927611175e-01
8.279186939187270777e-01
8.129787459521140569e-01
7.722799486504042799e-01
1.007041749034250921e-01
6.513181417230562431e-03
8.755262381390112036e-01
3.745059104020898033e-02
1.738287963731743879e-02
1.228840013898258032e-02
6.937761187689925890e-01
8.324722280633184424e-01
6.325854598388092054e-02
2.162724808674099108e-02
6.938983246684296002e-01
8.239000084119472156e-01
7.336604945775092590e-01
2.116207551349488236e-01
6.447625790384405864e-01
6.964443811820835162e-01
6.371259955660347751e-01
2.161493372858580564e-02
4.353934989394365740e-01
3.439336434293809308e-01
4.096291366320288230e-01
6.984073130864304479e-01
9.748199483400017407e-01
4.389966695105086414e-01
1.371099684468191082e-01
3.657746787672527811e-01
7.451263274679259530e-01
3.477486935183722316e-01
6.769910696636033398e-01
8.641499595866337646e-01
6.094888782539353844e-02
1.177780432111417142e-01
6.534927235269295531e-01
7.990695422752324140e-01
3.550347078866958883e-01
1.465971237559662299e-01
8.559239607713542419e-02
3.079586961095920339e-01
1.591798043127135021e-02
5.067970774082009022e-02
6.396616679587735499e-01
7.393366445235278750e-01
3.237901759010192171e-01
9.573162620810307111e-01
2.078293865422566888e-01
8.356513645024706838e-01
9.064813706262409010e-02
8.575860168493116831e-01
9.388511430763633037e-01
4.018209138998093399e-01
5.795420103608729390e-01
7.175180617726908405e-01
6.147327010481045129e-01
1.589166811471337537e-01
5.439097523037456083e-01
4.039294951805446621e-01
6.430229660871973341e-01
2.391289076131396518e-01
3.844594267742944549e-01
6.397841076877852640e-02
2.687783032412357498e-01
7.384792255257576210e-01
3.140554688900812907e-01
5.773679612859168309e-01
9.088840515324989600e-01
3.267054494721794988e-01
8.435276985188762122e-01
9.977843130874739508e-01
2.319001687228697817e-01
9.485065375473078486e-02
9.036144602357989442e-01
3.096389093748675991e-01
6.403749860990640697e-01
9.009618835120131175e-01
9.136581101018075302e-01
6.815114524006835595e-01
1.704885586661377683e-01
3.207738927153497288e-01
6.170532981273755269e-01
9.913502755520889886e-01
3.955485175920938623e-01
5.092707583598280463e-01
6.062639328605093914e-01
3.101284650582519786e-01
8.690136617514359063e-01
9.994326202935452930e-01
1.900693966013096148e-01
3.575748930619623289e-01
6.636424186339007214e-02
6.742775904258051511e-01
1.147352693208547603e-02
7.464853345817674679e-01
9.180844527487097562e-02
3.753678773048427786e-01
1.229529970809140060e-02
9.677119178517559206e-01
9.950174361213023344e-01
5.829275725709803790e-01
5.063798476031589058e-01
1.339512328118360740e-01
1.425635295194407348e-01
5.129595505216421047e-01
6.832459966937364237e-01
7.571179795172132687e-01
7.081391399946469489e-01
6.566160375221219425e-02
6.545749815011221440e-01
7.986620396724285476e-01
9.920875195473415342e-01
1.123607071464993723e-02
9.382392099993065449e-01
9.258262896998501468e-01
7.811661273137342487e-01
6.428128728949771276e-01
5.800619541373952526e-02
5.402840073047726621e-01
7.112674730235188925e-01
4.644780571015294512e-01
3.702424407692483932e-01
3.067515056852891941e-01
1.359872316018433391e-01
5.885549309702653442e-01
9.321387132333481818e-01
4.556417480186381042e-01
6.319825105620636707e-01
