7.158956240290670348e-01
9.508764261979777421e-01
3.131344964476763248e-01
1.544403176416030421e-01
9.115702883790003375e-01
7.745584617512590864e-02
6.694528433493399655e-01
9.080539574518190493e-01
5.899668724615830806e-01
9.172710644463507590e-01
7.045414736731363536e-01
3.591297579813779173e-01
5.229622245487011156e-01
2.954094063555403604e-01
2.594663496867752883e-01
9.630200183173882600e-01
1.359755485257245766e-01
1.387063806892165907e-01
2.201785020775631763e-01
4.029729075751086187e-01
5.098924562088639201e-01
3.940776423055312172e-01
7.602246178992428938e-01
1.976807466173451378e-01
6.712954866851195135e-02
4.103177944380334008e-01
3.620492512315957034e-01
2.541100611366444717e-01
8.385934949355750012e-01
5.778451279065800472e-01
4.122764420336640923e-01
4.928412164812465690e-01
5.050687156393228738e-01
3.510500552611571790e-01
8.585493118150240299e-01
5.970589073303572691e-01
5.820698828760400012e-01
3.315069767679664769e-01
7.195820034055356862e-01
6.572269789620143188e-01
3.998300482445686921e-01
3.813912031801313107e-01
7.620650824626740150e-02
5.276214229509148534e-01
5.830900000044899611e-01
9.346604409448714401e-01
5.912256000132279921e-01
4.374655519343018106e-02
8.690784375238334025e-01
3.957258116089421573e-01
4.446208456651226104e-01
5.652950616347884871e-01
8.443757180930133721e-01
5.433242960483990469e-01
8.223068477304342760e-01
7.017281047433798769e-02
1.695914816954955384e-01
9.044471306569320523e-01
4.591118322644764937e-01
6.017126962442090887e-01
1.314155552997696708e-01
3.148344966218969976e-01
2.239880798631838088e-01
5.393787150321218693e-01
8.179570039564725281e-01
2.621669732047700041e-01
3.753775172737600085e-01
1.664713228303639214e-01
9.647326992334281925e-03
3.303306106394603425e-01
2.250090252968373061e-01
9.936811744007086888e-01
7.153842561225883800e-01
1.698265674725852881e-01
3.009319365526895718e-01
3.963222142452420549e-01
8.390137823298957631e-01
9.130882364110795013e-01
7.961462232139228101e-01
6.669650537161124770e-01
1.332619502915409759e-01
2.983733222716244970e-01
1.453267528384439844e-01
8.491716855813640219e-01
1.622891684738120288e-01
6.999378719713121866e-01
2.337273528631657049e-01
7.953434156461027804e-01
1.281119649756885526e-01
2.763933976823240712e-01
5.868168344082255183e-01
4.786816638520708933e-01
5.509995335895907509e-01
5.353465953778226982e-01
6.377388859951509392e-01
5.081170314771622509e-01
8.668789022931242538e-01
1.810607222198123978e-02
3.547315591845422444e-01
2.769326179449407288e-01
4.724662676272938233e-01
8.723687407653701875e-02
2.896212312988358795e-01
8.871187686851768062e-01
4.450150576661132673e-01
1.033456773000793749e-01
3.279295148091304624e-01
7.329553787190210556e-01
8.854213317071665257e-01
4.385122446719225131e-02
5.053060880726351067e-01
7.684765144256221481e-01
4.425096175445528690e-01
8.416327918489827642e-01
7.398975047837824670e-01
5.863615342822918741e-01
7.376164490176186916e-01
5.324203208880456950e-01
9.575224241301030226e-01
2.265725535664877555e-01
8.922018134872279349e-01
4.481381984544730024e-01
6.974020917188460400e-01
9.760290060481424668e-02
5.423519451008668169e-01
7.056540139703799674e-01
9.783435464417438165e-01
2.300880621397483061e-02
7.991588143636207953e-02
7.422883765304062464e-01
1.310948040375466972e-01
8.679104105445055728e-01
2.231562484601926633e-01
8.399950789325708600e-01
2.647564307738519140e-01
5.841691958607138080e-01
9.576482618247490475e-01
9.342881061377250607e-02
3.432302872358193868e-01
6.670343643557716806e-01
1.608403825216151439e-01
4.158765321024733286e-01
9.173858324331807257e-02
7.409737879793524273e-01
9.844113069240062464e-01
2.491289450846678744e-02
8.995891575826775455e-02
3.785545875772955426e-04
8.764636618582741789e-01
1.307699645245439246e-01
1.797999544030902674e-01
7.493694520856414298e-01
9.154649283337874532e-01
9.333517233124247747e-01
6.240200262311802470e-01
4.764277041151638858e-01
4.727841779580865822e-01
4.378425654609567896e-01
9.026758897860392983e-01
8.097383901478273360e-01
9.771100823995262363e-01
2.976759726236160031e-01
9.105269868998333571e-01
8.926096883623602096e-02
3.067406616825067989e-01
4.083034760859852730e-01
5.299373709238963670e-02
6.295088519532309190e-01
1.836223357774242615e-01
9.552912044417478654e-01
2.428175676818670192e-01
3.549236030289038002e-02
2.265905126421104976e-01
2.972828483551986922e-01
1.296334110853859523e-01
3.320039077029270924e-01
7.528918362893542993e-01
1.236076395267267092e-01
2.934630121389483204e-01
1.221612107918913503e-01
6.719918349484047537e-01
3.176427723627680555e-01
5.450442043700647332e-01
8.659200208271899957e-02
6.610264354255640518e-01
6.379504987340691713e-01
3.469866685817779572e-02
3.905933478117045166e-01
6.240161468193705652e-02
5.784451093192801707e-01
5.497653943053477654e-01
7.693777221033755165e-01
7.483746396017441072e-01
3.843986290900763825e-01
9.418456781011512735e-01
2.512120543716942489e-01
8.260018883431000658e-01
5.004930302968304545e-01
6.311602399096853944e-01
6.454520826008292023e-02
8.779151817273340708e-01
4.749402269951685795e-02
1.693476445188297763e-01
6.215181486360943364e-01
5.427943301747099047e-01
3.506834083964521787e-01
8.709909492594003488e-02
1.796595873529843734e-01
9.956359636353793174e-01
3.281030185049597092e-01
1.929503218949371046e-01
9.017592115603600966e-02
6.750118532757672929e-01
6.788042021891445010e-01
6.398703045740452566e-01
1.567373162945845388e-01
3.752637166709489325e-01
4.779457851608291952e-01
1.159644040792018327e-02
5.668855670013918102e-01
3.529049956467159577e-01
8.992805762291120608e-01
2.816691294613542507e-01
9.587705056893769395e-03
8.628015804965954993e-01
3.057556991267840196e-02
7.605419962219361896e-01
4.764634252526207536e-01
6.783154992765125790e-01
9.308704154645905948e-01
8.354545168914913056e-01
5.099276160421001292e-01
2.852378955625916035e-01
3.168723092925315177e-01
1.043325598463175075e-01
2.340721601735207269e-02
2.968476635396156693e-01
1.868261077592435759e-01
8.327115871676997738e-01
8.507161986225910688e-01
2.359708863983114302e-01
2.945078722793881276e-02
2.672944828549799201e-01
7.849987799604588590e-01
3.664131164824688813e-01
3.902667338295073840e-02
1.444317492400107872e-01
8.745999085188942423e-01
8.916211026825312524e-01
9.611154258163971953e-01
7.379762262773681414e-01
1.927912607635151598e-02
3.611175094177725420e-01
4.234464187114252987e-01
9.106590752211038975e-01
4.798922982190308995e-01
7.682294477211886186e-01
2.423795570466225069e-02
4.978867406117769567e-01
9.663226066602176312e-01
6.307445332439426400e-01
6.902198455424145562e-01
2.839954066414172029e-01
2.783182715135681384e-01
3.915597242791565291e-01
3.612382264716010871e-01
1.122910709446846012e-01
3.368772766382409634e-01
1.101743362722101827e-01
4.939885586205842172e-01
6.348831543115815990e-01
7.821179013773386091e-01
5.128765382765091418e-01
8.357929078065706729e-02
8.766424542587515356e-01
1.835586737191207130e-01
7.109283221114690576e-01
6.078691240739919621e-01
2.768386361346097946e-01
1.194290860608570037e-01
1.746781923371057976e-01
9.754697210345470992e-01
6.709107229699504682e-01
7.679145337926421844e-01
2.821531433860130500e-01
2.111929546333551899e-01
5.862118121473853805e-01
4.694604210564047309e-01
4.795492954852180745e-01
9.332829328838375682e-01
2.818067293966284304e-01
7.493476012100219741e-01
9.625040221153751130e-01
1.637160381374969109e-01
4.067143741736104490e-01
2.582332366663703249e-01
6.273154766172950314e-01
5.335365841533341591e-01
9.103872000365398343e-01
7.989963040274771222e-01
9.583503362435205064e-01
8.192422648798078910e-01
1.523144482445648595e-02
7.091488343905885117e-01
5.771737516380354149e-01
5.770548184351808052e-01
9.060909935209964239e-01
2.685593384052662458e-01
3.353194157117073138e-01
4.865506165970612251e-01
6.462552625262797390e-01
1.390761195468752653e-01
1.235190147475843103e-01
2.877589589774770529e-01
9.562563232071463748e-01
1.658388565460540143e-01
1.382954476360145346e-01
2.438191255234936072e-01
1.886984384013687954e-01
1.782505799420804893e-01
3.664361807691254302e-01
5.648926032879253434e-01
7.429898999463402376e-02
1.941974891567421757e-02
5.791547475829018632e-01
2.597498451063674496e-01
2.457653678339410952e-02
6.789231710805868625e-01
6.053243432598165441e-03
9.362724077015295299e-01
2.904865178877380494e-01
2.368772062970577741e-01
4.277943684898480869e-01
8.203021031324787549e-01
8.560082870719512016e-01
3.137913116256652035e-02
1.012536775534597089e-01
6.708881691574143380e-01
9.593117137220444901e-01
4.235344106070434433e-01
8.867021587904344582e-01
9.649322617454914042e-02
6.397610677577424410e-01
3.622271371301066800e-02
2.440126890396308035e-01
8.713496452080665700e-01
4.676352024483854120e-01
8.701829980936521824e-01
5.917414151708044745e-02
7.968417383874013549e-01
9.748732447294423675e-01
9.008134745656637410e-02
7.815023633812568926e-01
7.239043590982376930e-01
7.243665798323262184e-02
6.375910139963703038e-02
2.846661544929171006e-01
5.469426122589484685e-01
8.709490197920344290e-01
9.025976019459889255e-01
1.410140792509159136e-01
1.659858844349896279e-01
7.268157196380461427e-01
7.664081353829932386e-01
6.013337661061646244e-01
2.699617060965361359e-01
1.406622742543156557e-01
3.741493428558307910e-01
3.959623905956859424e-01
4.547669325212022606e-02
2.430501765995539687e-01
6.654694425863063589e-01
7.910749003143191516e-01
9.074597003076215751e-01
1.044324022640255034e-01
5.824901689834784957e-01
3.531654315591140625e-01
1.376396802802796193e-01
2.220954902188966296e-01
4.121185706937199322e-01
9.411024963276967137e-01
7.898759553111127651e-01
8.260158432301246689e-01
1.320841324088192215e-01
7.207464043851413704e-01
3.397928879263085733e-01
2.149310122648510069e-01
6.668981194529333134e-02
1.111643383834912679e-01
5.324417741635528722e-01
6.244469731101066623e-01
4.696189106130730373e-01
6.873673411931158217e-02
1.313590265117235978e-01
7.919443245376683871e-01
8.342732689325396134e-01
6.899558761460407030e-01
6.547220232607884327e-01
8.050347269779013493e-01
3.453760298596257883e-01
8.504320329300808501e-01
6.665690701113148320e-01
9.167262227505565964e-01
1.540521399707772687e-01
5.453750785336080042e-01
3.849224367165039462e-01
2.682810708498474250e-01
3.638413551939282398e-01
5.300786833318905655e-01
7.987031897672526304e-01
9.445556460274381338e-01
1.235486340195657284e-03
1.630212410146592017e-01
8.665354831606116859e-01
4.550377662904372400e-01
7.386477054412927679e-01
2.810264606528722897e-02
3.271867208548904227e-01
5.927269342143168807e-01
9.692993352683740849e-01
3.873198225786818050e-01
2.335627425006527869e-01
6.030157906330164685e-01
6.943925097471800312e-01
7.521981225881899658e-01
5.274525199135616793e-01
5.084761170769657168e-01
2.469208742588194783e-01
7.328178540340219982e-01
7.091848450510298552e-01
9.361015868797387673e-01
7.448502796918861080e-01
8.915431937367808146e-01
3.153734484114918413e-01
5.507953062101185182e-01
5.268469856776935023e-01
2.625502475176122452e-03
8.850183482540743274e-01
9.142305111239628079e-01
4.760353243440690330e-01
9.104872269822462671e-01
5.982226934339179847e-01
3.681411252473900664e-01
4.420846767026028745e-01
9.481294202560488493e-01
1.434148477331889104e-01
4.430563496004833457e-01
3.488185319017247377e-01
6.392822291595837703e-01
5.658293527567064274e-01
9.686564809573238177e-01
7.429992910045494225e-01
3.876916725137036224e-02
1.529738899518348072e-01
1.906764978027502000e-01
8.668535857942142320e-01
8.352762235921691314e-01
3.606979880033547303e-01
9.728568090564668758e-01
7.769667264000144069e-01
1.267615770071838233e-01
5.442286948007023506e-01
6.456934705941750341e-01
1.620609480764119148e-01
5.516264693897690030e-01
1.533034969053770347e-03
2.455210130066665108e-02
9.317164045647894355e-01
3.595739798509949292e-01
7.262388120164509075e-02
1.179751396840565958e-01
2.649784590471764290e-01
1.268706301423095928e-01
8.391785974277085058e-01
4.031185452820124082e-01
9.958391068723351225e-01
1.258821896459086931e-01
3.940595370984595336e-01
4.749512742636149421e-01
9.335474823738495465e-01
5.576061906977848315e-01
4.183594809825471605e-01
8.773975866861903894e-01
6.560630118213047757e-01
7.168644894052096372e-01
7.466797524764695604e-01
9.027554335264720287e-02
8.583953702510870309e-01
8.259466107514136235e-01
7.596292442471809236e-01
2.832176108005903803e-01
1.112446191980041021e-01
3.323396199023614939e-01
3.069890781047088790e-01
2.443106843443838549e-01
3.454266605022915382e-01
3.420145071324188768e-01
6.664935726493684820e-01
6.182180892101885039e-01
9.277302612380511349e-02
2.787147218289973694e-01
2.684711518024385235e-02
6.652179214604225788e-01
4.254947029625023580e-01
5.936682413430571792e-01
8.412961677875909761e-01
1.273013701705631995e-01
9.353412412122484865e-01
1.709966565224099178e-01
4.218916733724793477e-01
1.397285756660261447e-01
2.549408085800020096e-01
5.498503775907264135e-01
2.266309628161092826e-01
6.270385552037622823e-01
6.086967283671746998e-01
1.736440404140637828e-02
9.214465308556548662e-01
8.959551178348432732e-01
6.748349409430864920e-02
1.083849435122549165e-01
2.362551719433864106e-01
7.207135330186714706e-01
4.208450603519240385e-01
6.548210311026873010e-01
9.019059125212902650e-01
7.878273527168411228e-01
9.690336912361906530e-01
2.957437633843955638e-01
1.095823656166605709e-02
6.632870960872537802e-01
8.186053190440211180e-01
3.248617718220171424e-01
9.546050139202207907e-01
9.037696828005153948e-01
1.503062732474305108e-01
5.199287708328672597e-01
1.611175502790910263e-01
6.221457596968281711e-01
8.016525745968683392e-02
6.489395527128495322e-01
7.033748931082036693e-01
1.309991614388195114e-01
3.359641203216068295e-02
6.488241807843553310e-02
2.315193675407594132e-01
3.507891497344789444e-01
6.050350517343419110e-01
7.194269013428146176e-01
1.754420664896351179e-01
4.261246002301396496e-01
6.915657228451197458e-01
2.091537988462888187e-02
2.942050785639899191e-01
9.699491406628063528e-01
8.280249953045993871e-01
3.042882272066304017e-01
1.762542567197109555e-01
7.392099775223359703e-01
2.007428432838799237e-01
4.763803819668201989e-01
4.688359268620546638e-01
9.698465412071760605e-01
2.295036607557330299e-01
2.331519729966625709e-01
1.591151775665199386e-01
7.504323197379958454e-01
8.970456745359233208e-01
7.382903162447552736e-01
7.954127868265079560e-01
4.165184703057576154e-01
3.048889919211177357e-01
9.937093980610193222e-01
1.584418038555045483e-01
2.427513339171853968e-01
8.501748282458321260e-01
1.801151630106700985e-01
8.796703225775552859e-01
6.502929573789504314e-01
5.782544249269138126e-01
7.507516119852101211e-01
1.510692734429444073e-01
6.516169754788948554e-01
4.080951367321089540e-01
4.792826785575035053e-01
1.397817917754579087e-01
4.622339319046721018e-01
8.740341768881083606e-01
9.538605862958779991e-01
8.993701491489823896e-01
4.352401025277418123e-01
1.313290351630174158e-01
9.788355756948952102e-01
3.082873117044814260e-01
1.692906591499506730e-01
9.558592399060226175e-01
4.754822999114912685e-01
2.792488384670963608e-01
4.126324065138212704e-01
9.036222686530038795e-01
8.396327950326673006e-01
6.442060630485012540e-01
4.535604761415601427e-01
7.275675491558256658e-01
6.681250980417852148e-01
2.530222315934094190e-02
5.766314034682206158e-01
9.732183648204153492e-01
8.063082341492544547e-02
5.293213669933755083e-01
5.469670861269612105e-01
5.939712645658813406e-01
8.027418914947401785e-01
3.956029964498671836e-01
9.238285872267159027e-01
1.717238386786871240e-01
6.910341453832961056e-01
3.938081548260669029e-01
3.741678433553146110e-01
4.423720098608117102e-01
8.230805236208028619e-01
1.594812373618200718e-01
7.946583478906269482e-01
5.004743100526983790e-01
7.545732806312830387e-01
2.500966815575657032e-01
5.458556862610647320e-01
6.042262817983492518e-01
5.882271902425213472e-01
4.271226077222864959e-01
5.962157003398845800e-01
5.698193421111452661e-02
1.143079839293602573e-01
2.228377526053660906e-01
5.368262746340433100e-01
1.216988217851642240e-01
1.264851318419926152e-01
8.020204078118452484e-01
3.451498016891157983e-01
4.776087264080506323e-01
7.305108572926292121e-01
8.533721482307599082e-01
8.772355438456210797e-01
4.868192318201266522e-01
7.518027408968714909e-01
7.107569333155888680e-01
2.603016356648495400e-01
6.886940985403566806e-02
6.709229027575647208e-02
3.802195734801128157e-02
7.909998656233528935e-01
9.887225959606249504e-02
5.635157395959095039e-01
9.446273140738410401e-01
9.388569520775059685e-01
8.684488857916424775e-01
8.113626568889146240e-01
7.126421048210918041e-02
3.397387725725049545e-01
6.066520415810974232e-01
6.262221025308557509e-01
7.750070481663657862e-01
8.409686990106992610e-01
2.576615123120379325e-01
9.080415131952546126e-01
2.364418153430953851e-01
1.844081921890787790e-01
1.279151149889445893e-02
9.034642508267866079e-01
7.284657903852889138e-01
7.746078036413801549e-01
3.162663589464820291e-01
3.937941580606163505e-02
1.799929361625940416e-02
3.726525401989128072e-01
9.099558028068839288e-01
8.044113609322665059e-01
8.425631375761425401e-01
4.374236132335177496e-01
6.242481207221650674e-02
5.476337031973299574e-02
9.497948567751349769e-01
6.453311383393068867e-01
4.861035198401950641e-01
5.698572722304605653e-01
7.244628367908064748e-01
9.203627197872148447e-01
7.261344381293344252e-01
7.119689961081162588e-01
7.818001828906372408e-01
2.772742608166760547e-01
4.963849896124837846e-01
6.334794130544465496e-01
1.675352976314190556e-01
4.665481148716086324e-01
8.220018808197996352e-01
8.793980590750107851e-01
9.181095904804692509e-02
8.315785319476032278e-01
3.154202895427659081e-01
7.211483637441175043e-01
2.876221388868579476e-01
8.834966271367735713e-01
5.955306432214080292e-02
8.214174589608557175e-01
2.223038062475937160e-01
6.520835160374874873e-01
2.576755790448985728e-01
9.693400721667186914e-01
7.820865513433916671e-01
8.745120368540238998e-01
5.912910599284919577e-01
1.059542176930317048e-02
4.563365875469360677e-02
9.140997231237631970e-01
1.242105791271520543e-01
5.829328900880318409e-01
1.426894740599210509e-01
3.800400413530491406e-02
9.288278390617018543e-01
5.795985334130034916e-01
2.098394997766711567e-01
7.161565420207187671e-01
8.062989306946316548e-01
4.822155371812509861e-01
8.725399107976217206e-02
8.346454340955309359e-01
3.146389096881104797e-01
3.924494085956314882e-01
2.185950906501604729e-01
6.141203240427486332e-01
5.684166281714494451e-01
7.517138149599761343e-01
3.333167963280435631e-01
3.638553665466115472e-02
6.863418904964275757e-01
7.685418922652459406e-01
2.341189984057013840e-01
8.136486965899097923e-01
8.394083936134991708e-01
1.957635226627749692e-01
1.445117699575639847e-01
1.263395022642733734e-01
6.745956344563075469e-01
7.607456856165675241e-01
2.250757672155769828e-01
6.691316499624910819e-02
5.971225769712265041e-01
2.384456102449431514e-01
6.427088207111844032e-01
9.208085395478005086e-01
2.381082752702213812e-01
3.579865273946318815e-01
4.682726253217607271e-01
4.135734126075941708e-01
1.114826367707009158e-01
1.576692842354090462e-01
2.959762861589994021e-01
5.291067960409544524e-01
8.625469150664332174e-01
5.684639375276778761e-01
7.270399871992039298e-02
3.335893943065295630e-01
5.960571343244427389e-01
1.178490771286478944e-01
5.322746072071641299e-01
1.970404100141851522e-01
9.722616703209507882e-01
2.271710414654175558e-01
3.785106614101396705e-02
1.809561766090608259e-01
9.261879081842009365e-01
6.427410594171818481e-01
8.618078293368890419e-01
4.252868728435807988e-01
6.005627839489869890e-01
8.696275200370544578e-01
9.039047905127034488e-01
1.308479513020277540e-02
1.955406238804868746e-02
1.950152169013885661e-02
3.282330692976350717e-01
7.270211548613225716e-02
7.416846303080620872e-01
6.796421956317667545e-01
1.527245010406548253e-01
7.012161445063446186e-01
5.727775192709613217e-01
4.980064606397359706e-01
7.615353008204926999e-01
6.895010447690679278e-01
8.710647730840281877e-01
5.881508946608484667e-01
1.203445643424005951e-04
1.963836805637912963e-01
8.030304078068938312e-01
9.162782024300097916e-02
7.056081554049242754e-01
5.232782177481996033e-01
3.909673329231659888e-01
8.965306219226909512e-02
9.953014669510306112e-01
8.348312147548530016e-01
1.429505123551693124e-01
6.932003536215858297e-01
5.106098829875503897e-01
5.642052405478187316e-01
3.830022578786987930e-01
6.956851994595079081e-01
1.621245746363841889e-01
2.660230967544462422e-01
3.733362624872902380e-01
4.469153614443371891e-01
2.275799311904730393e-01
9.402627652652264523e-01
5.123320224311983528e-01
7.347205916553979366e-01
8.971859588071787739e-01
4.397406285088520939e-01
2.400917884307960382e-01
5.334256225039900601e-01
2.380066477773983280e-01
1.986898201760877170e-01
9.980507189196923257e-01
1.928248858326642168e-01
4.818817994707857988e-01
9.412229250229224853e-01
6.877911149642654820e-01
2.445613378351720879e-01
4.922189384137669599e-01
2.618247480935889104e-01
9.567231998418024297e-02
7.724018677366025765e-01
3.625902692118648796e-01
1.197413869957275612e-01
3.967709207447323028e-01
4.126619916991846049e-01
5.201550176237386136e-01
7.584706830836310809e-01
3.398640444162750462e-01
5.808666257694433677e-01
4.897770684874436231e-02
3.349687358318307329e-01
1.219422752918574160e-01
8.617207623093666724e-01
1.961811934718493688e-01
9.790687330424079349e-01
3.459391016812908282e-01
1.795332680910717293e-01
8.697336784166793677e-01
7.850514344359921237e-01
9.521207323653988475e-01
4.946354174908540458e-01
8.917197548089904613e-01
2.935759889604986350e-01
9.849795226502777723e-01
6.091339222861985592e-01
4.665794387670121335e-01
9.004694836795326118e-01
6.787517366698000432e-01
6.530453896372409028e-01
3.861573462345128105e-01
6.903858377172314986e-01
9.337235678992339416e-01
6.224395955628104771e-01
4.768623000824523395e-01
3.654466552972106541e-01
6.482364632033971175e-01
7.268934358748623259e-01
9.531720574002832125e-01
9.887359842562148948e-02
3.847659004002880190e-01
1.843933266604000920e-01
3.832439149516042587e-02
3.613086702143828433e-01
1.494239055516899395e-01
3.541676061879041049e-01
8.791783599512988934e-01
3.868243074299805295e-01
2.506294812070689604e-01
7.315076476306546782e-01
3.838749158955624408e-01
9.294222787393048302e-01
8.663543710925798447e-01
5.279641654676306972e-01
6.537937976969672160e-01
5.121188097600793965e-01
1.679607569032020020e-01
8.254053123294945449e-01
8.156191152213653206e-01
7.158168372374910104e-01
6.712093006293862185e-02
3.990892433225193825e-01
3.207718560178672851e-01
4.203778720724865581e-01
7.184073287254703066e-01
8.825223556387952195e-01
9.811287002271370516e-01
4.562974449112484621e-01
7.141909372669646983e-01
5.042340052048041033e-01
6.439425934616557212e-01
1.752256808522434373e-01
8.278404086632746850e-01
4.818426829290782809e-01
3.812526372301986433e-01
4.020016137345594487e-01
7.571685979644249276e-01
1.578079848170118593e-01
4.553817446473261699e-01
2.665439548698345096e-01
4.543564536875454030e-01
4.855154878545983044e-01
4.866118620431801878e-01
4.919604024333084080e-01
8.430617393917279045e-01
1.664070648765798577e-01
2.849574675972308402e-01
4.885281885410593938e-01
1.330588693385369448e-01
7.207260648783641033e-01
7.926376976200577573e-04
2.411041488200401650e-01
9.382687333584843747e-01
4.425708314639842378e-03
4.435183020644920537e-01
1.126447887286067262e-01
3.108122541811595418e-01
6.773729347401290513e-01
4.681444090296574823e-01
9.276070323980427634e-01
2.149736998638859253e-01
1.861981147990565688e-02
3.702838920748694473e-01
2.844246776159967682e-01
1.922338493897870482e-01
2.554339631920637954e-01
8.601882442318028454e-01
2.205901244191010857e-02
8.666623937212259987e-01
6.255902637089426621e-01
1.025269612303238986e-01
8.917056611141530587e-01
7.817440913368528532e-01
4.678287856252529853e-01
1.019536479298425169e-01
3.991760336445436819e-01
4.129406141161018340e-01
5.144389982249657489e-01
9.328074269305713928e-01
9.449346372766054269e-01
9.247586945097650002e-01
8.090295852774440633e-01
1.668993433784013991e-01
3.332995031768396510e-01
2.366702706132552958e-01
3.959516180392713691e-01
9.926512370007173347e-01
7.854327536341965121e-01
1.561829307292136315e-01
3.446522834517866674e-01
9.584757680248483513e-01
9.524308645558032804e-02
5.964603085718785946e-01
1.129693451375237689e-01
9.603237527126573525e-01
1.786524820636837818e-01
8.665864573972384965e-01
9.626907918026135214e-01
8.307648168120288501e-01
8.814518046306003551e-01
9.072023330127897411e-01
8.306017210719005561e-01
6.652796758843518843e-01
5.841580593698844082e-01
6.438002498743675694e-01
8.382397341052973960e-01
7.204940847057204056e-01
2.584089870403155631e-01
4.946317184044138893e-01
2.341952992203468753e-01
5.812983993509699410e-01
4.050079228068357295e-01
5.622286124192261703e-01
8.031839655444332760e-01
4.522935386171563765e-01
9.117435675744078871e-01
8.001178637331007870e-01
8.386810512414906160e-01
4.736797628160751561e-01
8.055406074854428722e-01
3.951165320483895904e-03
7.827218169543413984e-01
2.612496732950578826e-01
8.617545589373539761e-01
5.194279017886738181e-01
3.120473186400207766e-01
5.221307815702250776e-01
5.907163761286848835e-02
3.720030729177730144e-01
6.612081328305932093e-01
2.252238210803649832e-01
3.851723229439173446e-01
1.001451096193387569e-01
3.883239364863956267e-01
7.286393154447705633e-01
5.053285231258108912e-02
7.046024617596308159e-01
7.696006200240368411e-01
8.370021261058269157e-01
1.289790126004217719e-01
4.144808302118262455e-01
7.290508764217579207e-01
9.773571923480477430e-01
4.736610920714925399e-01
2.013803510139117181e-01
5.270862272961690520e-01
7.430352952746256401e-01
4.616307664746432948e-02
4.223601249387305412e-01
2.719651861971362772e-01
7.013845149175648164e-01
3.888156846601614758e-01
1.292117592957556793e-01
5.385633055797689472e-02
9.202903572818960098e-01
5.317063762035239005e-01
9.147111452376335272e-01
1.726859151686136462e-01
8.536992025328660194e-02
7.597415694666471708e-01
5.916595555317755162e-01
1.528055202766465115e-01
3.314842907839461450e-01
6.374501185350591737e-01
1.595867289620399587e-01
4.898828125004314193e-01
5.806082278956051779e-01
7.586724463906590055e-01
3.602206935841908431e-01
6.652710944015973737e-01
8.225356095677077706e-01
5.942455809432173330e-01
7.028873329919703705e-01
2.801127626882689015e-01
5.454897908951821250e-01
6.977303771269061095e-01
9.384470088430920676e-01
3.416298699156757879e-01
7.625259618623886348e-01
4.735484959321525356e-01
1.054317368557979862e-01
7.763356590679452163e-01
8.110000515199644600e-01
3.494268477399569139e-01
8.497461764757267000e-01
4.728892110716814701e-01
1.513679219260395392e-01
4.921590182823364357e-01
5.997803140195228089e-01
4.524508937083265847e-01
6.314261044718431082e-01
9.316011439640388136e-01
9.668296717961737397e-01
4.138374949002596725e-01
7.303107049313578569e-01
4.352927824430415926e-01
6.491671621584003127e-01
5.654879907124170657e-01
1.253596926003689438e-01
8.496091945465379380e-01
4.632544210464518697e-01
1.562023250211364012e-02
4.817301530276952848e-01
2.927877834468124441e-01
4.162715982840506923e-01
7.841724309270274862e-01
9.224918411715086197e-01
3.111460908817308413e-01
8.222341254743560368e-01
7.390480199130039507e-01
4.715630623864144333e-01
2.467725714810489190e-01
3.659633202531422658e-01
6.360627769949449561e-01
4.956712675520281719e-01
1.233555751445842841e-01
5.507424998844271391e-01
7.040759369463169826e-01
9.052083237372835489e-01
4.003923654260603815e-01
7.789448158019832702e-01
6.599630726532597080e-01
9.307703805358352733e-01
4.819837016972802202e-01
1.812843512218733633e-01
7.816966807999348177e-02
3.496088420272338571e-01
6.217905477758134403e-01
5.276173805054568122e-01
2.022519324945126762e-02
4.451325948401572141e-01
9.079200588442005726e-01
9.445918307575563722e-01
3.135162720788476909e-01
7.446454312780836915e-01
3.192862896237713688e-02
6.088189582613638962e-01
5.027094616247895775e-01
9.012893072481242829e-02
9.263809465102671448e-01
7.244680877664427809e-01
9.106866883548258018e-01
2.546448097046356551e-01
8.253249757414818921e-01
5.713319301082309121e-01
1.222814545490769067e-02
4.833132287954379214e-01
3.597025520609439253e-01
4.572555110198365247e-01
2.041173179785589209e-01
3.020021142112652157e-01
7.260158395617429816e-01
5.128376842671836799e-01
2.292972759568290275e-02
5.110307412135290939e-01
4.275670407093089542e-01
4.094231499327822821e-01
5.003306748416238570e-01
4.190203316293242830e-01
3.309571346344305498e-01
1.125416911984428170e-01
3.001823508755609993e-01
4.834955032290499943e-01
1.511581007695614876e-01
9.810119353902392314e-01
8.694087809759422081e-01
7.351866996124570841e-01
5.429719855466437206e-01
7.014228708004003332e-01
7.157953303255197852e-01
5.136947516082790433e-02
3.540746516475334893e-01
6.307955335171300248e-02
4.888225453289943845e-01
1.045769371820550742e-01
8.002771122906716661e-01
1.269588506515486603e-01
6.548621558022182931e-01
8.884634621104781083e-03
2.687821079847794170e-01
4.541854371695752679e-01
7.997901468755078680e-01
8.876103151266052649e-01
7.169245174800019660e-01
6.823240911353741778e-01
1.811133385999588175e-01
9.676194442841713483e-01
7.292203539749260166e-01
1.164721097335518207e-01
6.220495052260117674e-01
1.791453291464085718e-01
5.271058342041644584e-01
6.661239934506500981e-01
6.709215900205834915e-01
6.779028506429927159e-01
5.254807276112457570e-01
8.381192569791444669e-01
1.252989500610044438e-01
1.564729662345465400e-02
9.521194214062245198e-01
9.205412030230505360e-01
6.357298733712722916e-01
3.520286948002706584e-01
3.889384780798432750e-01
5.629229060296511156e-01
6.021146613556388472e-01
5.877731096139287015e-01
9.364193758283464453e-01
9.162710672311042970e-01
3.909880153933429359e-01
6.771639164197192917e-01
1.057024976550707818e-01
8.007316142215752386e-01
8.009989910619926823e-01
8.439014898912988727e-01
2.856170469301672066e-01
5.682054073246902703e-01
7.342243181761400894e-01
2.475673284792663242e-01
4.777419904426976061e-01
4.915145647166940801e-02
9.834763994540631771e-01
3.967985955311414958e-01
6.566103022293745539e-01
4.847320608174188195e-01
7.277359974407027199e-01
1.301357670271993117e-01
1.387262005761658035e-01
5.749635362080430800e-01
8.790363773520564195e-01
9.394379221632095378e-01
9.830490443451814775e-01
4.858865260764547722e-01
6.420033543679610766e-01
2.497445145113175169e-01
8.755436238789909842e-01
9.318008646573638920e-01
9.490738337574333716e-01
6.706446548815104824e-01
4.073938137174072383e-01
2.137462973563429847e-01
4.953157999002880674e-01
5.264836976463582729e-01
5.214525003888260679e-01
1.028340887379870505e-01
4.643015723593704180e-01
3.092418069518819701e-01
9.228747038342404174e-01
6.944677520568152129e-01
8.057401798911112412e-02
2.350130995931045685e-01
3.597702002393213805e-01
4.102032192057691873e-02
4.013573325479469212e-02
4.350107977135841963e-02
2.796192593217071698e-01
1.230052993301057329e-01
7.350867528987564681e-01
2.309675700680429156e-01
3.704135463787263660e-01
3.199905225057201319e-01
9.389596533765871555e-01
5.529712702422973081e-01
2.190487777060371455e-01
7.987227091393154232e-01
3.797677524362913504e-01
1.511351471426154447e-01
5.628971404847992188e-01
8.322747267407859528e-01
8.856490063167264948e-01
9.737480970630740806e-02
8.589793719097631453e-01
5.640311117804386321e-01
1.946950765870518740e-01
4.837377502758515302e-01
1.984720788018725646e-01
3.881741500410218482e-02
9.852506754852872195e-01
5.934952136030993142e-01
3.057818976034143432e-02
4.433153327006014166e-01
8.707436603373371886e-01
6.736999555622863456e-01
3.624987131239710836e-01
6.370056744718333164e-02
9.994095493858869972e-01
5.495368945841101471e-01
7.005800289519824586e-01
5.153653624788475662e-01
4.927670820391872875e-01
6.514171777493780180e-01
3.348331075365749143e-01
9.590626520738432248e-01
2.744283127555776636e-01
8.656073704027458238e-01
9.243890498438811498e-01
6.512030547239771039e-01
2.807670063427335494e-01
4.899222986249971434e-01
2.907531124428197611e-01
2.033891480778239336e-01
7.364545708376405431e-01
4.451925618727946565e-01
7.684997154783419493e-01
2.296826250730548136e-01
2.721109005674289261e-01
1.006036785425112878e-02
5.961267654432530483e-01
5.741873692363373971e-01
4.547620431534303842e-01
1.382188343889900750e-01
7.902299478021176382e-01
9.173234445258432457e-01
7.410738849400910766e-03
5.898355069254024308e-02
1.217166039893547991e-01
9.198285231907590287e-01
8.808324590509586383e-01
6.428517269397567846e-01
6.545652408400404187e-02
2.112702461223076034e-01
1.482415393235316792e-01
7.247211623112592704e-03
5.467654491054085852e-02
6.218404629026617059e-01
7.115142199055624062e-02
8.538811079946008187e-01
8.433740807477284607e-01
8.634896488008764193e-01
3.469273727010659947e-01
1.109367243926011604e-01
6.166603405278611172e-01
2.927896359714839969e-01
1.505496909895363000e-01
7.152642731515390651e-02
8.462172242961496504e-02
7.880367181434665413e-01
6.719931164807576573e-01
3.282016841290686937e-01
9.930587631732377130e-01
5.924208129328857320e-01
8.717575038248077668e-01
4.862446979136092473e-02
7.974303789512390273e-01
6.580950572849000313e-01
1.915994538723735374e-01
5.033812601441149948e-01
7.889597230905459613e-01
4.839694843103390376e-01
6.793756862717256206e-01
8.142384487577870589e-01
4.509769763859773350e-01
8.052529958125146381e-01
6.338224542473759326e-01
9.025353306799338560e-01
8.474022189520643566e-01
3.942303009187120288e-02
2.515648215091615958e-01
9.629681755904450080e-01
4.249525989674096671e-01
4.689899054217169239e-01
9.196149588675394115e-01
7.949946984427747054e-01
4.802325361255705971e-01
8.498126096105538263e-01
2.334483984585996597e-01
6.979414489187248938e-01
5.134006099730890060e-01
6.701257478623827701e-01
7.835133537753070643e-01
3.493686112457543569e-01
7.704453176527668035e-01
7.883636465254009185e-01
7.772341198494734371e-01
1.836506194764860878e-01
5.510316443357496929e-01
2.817701518639276204e-01
6.855230510764878105e-01
2.434859388346135578e-01
6.717577932849687627e-01
7.178757311844939926e-01
7.346626286533974870e-02
9.735885352033364359e-01
8.812855365925401641e-01
2.949654781362948119e-01
2.766379206748558195e-01
2.006593100287636933e-01
3.618101549178424081e-01
3.331464030366236839e-01
5.422422495260388331e-01
5.296384971070492442e-01
1.627680940158646727e-01
5.159280366345830871e-03
7.552235869062631224e-01
3.214286651559167263e-01
2.174387013518069844e-01
7.529227860665116401e-01
4.454442809383399871e-01
7.886852328206022111e-01
1.994354833662471682e-01
5.580625522756873513e-01
5.650147619787390108e-01
4.441189863162529061e-01
1.792265724930028892e-01
6.397682593619179459e-01
6.395773951137515567e-01
8.088020739822421312e-02
9.454892562104817433e-01
9.151618120781860322e-01
3.718122028706154492e-01
6.427714804455649800e-01
8.482654259470032709e-01
5.403746904275693597e-01
4.343135643002882240e-01
5.145666083604960583e-01
6.013218151887601559e-01
6.939071260075787562e-01
2.612676032117569047e-01
3.088737695080044920e-01
9.619183058561996402e-01
6.033246757221747414e-01
4.347669026816936011e-02
8.383137817184869167e-01
2.600881142463485896e-01
7.275241797813990496e-01
2.943492893808326016e-01
1.905367850435381039e-01
5.155465579520976949e-01
5.091178862190545162e-01
8.295004689149538812e-01
2.906726171808112769e-01
5.332859722679478276e-01
2.476811656648367777e-01
7.791291401019473373e-01
9.315700507227607785e-01
2.453233978378770441e-01
1.164645025445223414e-01
3.367389415412362919e-01
4.096517799687652284e-01
8.725184430867009011e-01
4.892079649131831909e-01
5.568319967162767004e-01
2.122059628255329455e-01
1.527839637486294588e-01
6.379054459792086185e-01
3.778216239111463759e-01
8.903107135984953402e-01
4.575955105505963294e-01
3.958362230071693633e-01
7.352236070240734112e-01
3.301181343493875264e-01
6.400078004204403648e-01
3.953132446492791940e-01
9.392801694858343708e-03
5.216726093884405113e-02
2.671695202888516585e-01
3.344141477454498634e-02
7.074471852063425326e-01
2.024007182361837742e-01
1.649939990141274793e-01
3.118665249146049812e-01
2.455322290839201393e-01
6.752834477657265744e-02
9.273403168579911204e-01
9.066895498506057915e-01
3.405726235388172318e-01
7.268576340436444516e-01
4.319542305818402372e-02
9.609812878830080729e-01
2.625066077404152320e-01
9.053895298357352850e-01
6.391306407403323231e-01
9.836594337113202524e-02
7.712190064787128874e-01
4.120214813672978815e-01
3.619429691192085352e-01
1.877750900627149777e-01
7.710812361126925252e-01
9.379449630840197560e-01
1.676723743163044400e-02
6.308759331332646214e-01
9.054996753202043669e-01
5.633603546713097376e-01
8.378993020394824853e-01
2.251065588568867959e-01
9.757689870778576413e-01
9.837116113074760859e-01
9.382699325950050184e-01
4.591115513702286322e-01
9.863497164306380682e-01
5.225127083237131043e-01
7.342118357698141917e-01
4.777155602415070756e-01
5.774474439025172323e-01
9.599591921342265355e-01
3.569106397283039467e-01
5.706139486693105889e-01
9.143574101474996052e-01
3.808691772396537445e-01
5.255209936903190160e-01
2.687867900939893140e-01
9.341110555717047070e-02
4.335786772015869373e-01
8.789102642751792649e-01
8.696506325080715083e-01
3.067705044953591420e-01
5.519505723753703741e-02
9.306460961359711570e-01
3.521601068495514575e-01
9.108501092569976088e-02
8.666469415546642630e-01
5.081888009889322655e-01
7.776820986593037111e-01
1.776904828892560406e-01
7.889434806770968533e-01
4.254212665855908737e-01
3.407624738070651471e-01
1.297038895870118447e-01
5.242665416094914876e-01
1.602081285924012999e-01
4.262974934971368590e-01
7.575949962515844405e-01
6.879068029290912323e-01
8.031849494307852222e-02
8.792531578071701714e-01
7.281508017286665302e-01
2.068658309667760209e-01
7.978058131151626320e-01
3.644917999950521015e-01
1.643688982640952867e-01
9.521614556223414461e-01
2.753782995057120209e-01
9.686616569665956744e-01
1.718287285008249787e-01
4.961444142662143619e-01
5.756636139219999393e-01
6.648227233151371429e-01
2.429132142374310632e-01
7.383690059685895646e-01
7.950360768468111017e-01
6.834055750880434488e-01
5.103910080362318302e-01
2.570498805228416117e-03
5.231911959940709345e-01
2.918310737388776221e-01
7.106933120811986804e-02
1.448623782003036764e-01
3.051297674816411121e-02
5.444206956695886168e-01
2.846216806194825644e-01
2.471570180973672315e-01
3.261383196620749603e-01
7.645506004142249568e-01
1.301286552445528599e-01
5.380994083035756104e-01
9.102844473294431360e-01
3.364053748493889273e-01
7.425083253505939673e-01
5.379427460838037689e-02
2.436402909340013023e-01
7.999240201553643459e-01
3.682931196469316770e-01
4.426055784658827763e-01
3.944632209755257746e-01
2.673336039796597730e-01
3.644393123610061291e-01
3.407890608189856341e-01
3.626097194365014431e-01
2.076665507266155508e-01
2.751008709056831369e-01
9.255864032970092525e-01
2.286227449083271246e-01
7.319360312282630066e-02
9.304205624242456452e-02
1.293559908315062845e-01
2.913838559082743140e-01
7.218068260645360557e-01
8.665802275821158362e-01
2.345150843760754888e-01
1.975698224562097982e-01
4.545555512003108811e-01
1.055857563580703262e-01
4.368174438630220147e-01
7.957528617736520093e-02
1.078304242839419613e-01
1.000834141484255868e-01
1.321257425894369897e-01
6.436628452249528731e-01
5.072168950051909597e-01
4.710623911110356499e-02
8.897405148453582102e-01
4.597292445527941807e-01
5.554781012141107865e-01
7.165162786022805097e-01
3.363794956856356322e-01
4.112034328131741745e-01
5.891858701625075634e-01
4.818961886232261405e-01
7.817610460930235483e-02
8.447406597978484033e-01
9.035772711380631872e-01
8.261886627219927615e-01
1.283607899574228384e-01
4.768660293726824095e-01
3.278157955435359039e-01
3.741375399972092231e-01
2.411984095678707529e-01
5.002854065548000273e-01
6.583648375011265097e-01
6.143926295148268713e-01
7.786785408407616016e-01
2.396083474298957849e-01
9.312821101724757522e-01
8.375149066445978230e-01
5.176736485891350048e-01
7.469533399925809558e-01
2.716323435468964709e-01
9.444581513591800981e-01
6.199626309887651399e-02
2.166322796397104344e-01
9.600482446913475298e-01
8.505189636906618222e-02
9.810462495082722389e-01
5.175693814396342685e-02
5.131892050241106951e-01
7.285076472664998581e-01
4.425184673190868390e-01
7.077893923178992797e-01
8.332480548640903706e-01
9.915682227805787674e-01
9.942007946363311532e-01
3.778099740022992092e-01
6.820304671382804163e-01
8.821770356194731377e-01
9.638747827041271865e-02
7.547318996843179750e-01
1.508423999386477865e-01
8.439533296524528438e-01
2.804505916686158562e-01
4.029303195277949001e-01
6.641797727233368365e-01
5.354648894974304296e-01
3.656297546326869874e-02
8.596535634192165043e-01
7.912372294614644641e-02
9.173377867797460894e-01
9.280278684873748407e-01
9.541379906782151421e-01
3.437462369651705929e-01
8.948668051850930949e-01
1.103657991732457377e-01
2.309442943479689259e-02
2.034541934983402633e-02
9.752303601549064949e-01
9.799254432147289640e-01
7.912147905100301859e-01
3.539352494057165233e-01
2.885105138259855817e-01
7.708856884307113688e-03
9.700896526961474420e-01
5.922504106878878627e-02
6.945324198191984433e-01
6.711935869860413684e-01
8.371924997450144179e-01
6.250103730476592734e-01
5.615437198135121433e-01
2.348798215968672665e-01
8.686898185163904884e-01
1.074505704923872651e-01
1.816260996901194469e-01
8.342436440202752879e-01
1.946618173034805332e-01
5.600727221786601095e-01
4.774259999609675731e-03
9.703297594994731989e-01
5.743696077036762881e-01
5.888774462115526909e-01
7.896068069314962079e-01
9.770571491882477089e-01
1.339012544504214475e-02
1.623361463036796515e-01
6.839268378797513925e-02
9.200864526497221085e-02
3.376124092410726085e-03
3.366537445357623559e-01
4.147457532449655426e-01
4.991520081889361249e-01
9.780446464042638066e-01
5.440588934091649120e-01
6.348504981535216807e-01
1.870288433117912597e-01
3.393851353358803280e-01
8.349606163025277139e-01
9.691847884106381539e-01
4.103368106835758589e-01
3.967658061731854646e-01
8.663920078966702576e-01
8.661925347897492244e-01
2.023642168865669166e-02
1.348513166124544194e-01
1.357458335859792475e-01
8.060758059040046275e-01
3.185818078954898436e-01
4.786985791485081077e-01
2.525877316256375238e-01
1.773246912966102151e-01
9.924344613177581431e-01
6.329483054940722164e-01
9.607981393879971854e-03
7.210723616604692854e-01
2.204196393264218345e-01
5.386789182100359952e-02
2.775365832083395157e-01
7.790729348107581220e-01
3.686273772539575555e-01
9.800565303653867577e-01
3.408484805985886323e-01
4.461548602482198200e-01
7.717439315184454474e-01
1.528392613961802038e-01
7.314595515199471265e-01
2.380977731015622156e-01
3.593109407738435124e-01
2.710284483127473054e-01
4.499067797055321671e-01
4.980752176907877748e-01
6.296234817924731830e-01
7.369994020654170308e-01
7.351662486758947512e-01
6.763457622157018623e-01
9.304588909024124055e-01
6.473126120428428498e-01
7.199936340944146362e-02
5.506958850627756696e-01
4.165325733683088449e-01
2.508026438890408327e-01
1.092813466385199606e-01
2.664445029196076398e-01
7.670780060493113117e-01
3.033230962405345510e-01
4.073451423431884155e-01
8.685900756767384046e-02
7.109418841848114123e-01
9.274747071837533552e-01
2.673318355835679894e-01
6.412228077504967816e-01
1.271895288110094224e-01
5.846605157103376138e-01
8.067099219848922198e-01
7.985510615043305283e-01
1.280590037527810088e-01
2.763557427772381780e-01
9.162182395477531660e-01
5.462583876439091046e-01
5.371792467092739720e-01
4.950443403988227242e-01
7.200474657691013913e-01
5.174494337997682658e-01
7.399451058396996350e-01
9.052164133890819864e-01
9.049209025754703095e-01
1.153524031767216851e-01
7.981474021473360381e-01
2.763570248858224776e-01
6.073050398639475711e-01
6.492767835443099544e-01
6.888232417324317014e-01
3.094207998449136632e-01
5.650279961572326481e-01
2.674617887040322550e-01
8.049852901177917408e-01
3.033308561104254286e-01
4.714978367806517134e-01
2.683781621397867134e-01
1.182469606804636975e-01
1.377988138450266797e-01
2.720656367782164908e-01
9.224159064848009848e-01
6.305372257384085355e-01
6.151768973463984658e-01
7.077993738268232304e-01
4.629896031347979779e-02
3.611727922763208198e-04
7.834123985745039542e-01
6.781408683068691490e-01
2.761148978912207896e-01
8.594760321985939200e-01
6.315335108723865165e-01
4.771093424352206291e-01
4.088936284469438798e-01
1.871699366410182197e-01
8.837208082716927482e-01
9.852488224056468180e-01
9.022589158353332417e-01
6.944793086630952628e-01
5.570409907795457194e-01
7.610843940382386874e-01
9.077117821522464602e-01
8.348214080901528167e-01
1.696833629576486313e-01
3.108143326169425791e-01
4.542108848652715025e-02
2.850500681371361811e-01
3.429868168829525166e-01
5.526950011775605409e-01
7.849360740926530910e-01
5.990193458098217461e-01
7.105143723490885410e-01
6.299260567863744775e-01
9.456574462656901492e-01
9.270269015653025413e-01
3.306216326561607355e-01
9.760295515341150807e-01
3.630713396734825960e-01
1.328873297706528733e-01
5.335835464231116765e-01
8.612320753746064428e-01
6.778365256769558478e-03
1.847796673119084243e-01
6.249922573911775858e-01
6.897793135643985885e-01
2.621297782391748266e-01
1.466244982964509669e-01
8.252806250308173386e-01
8.654362217215662012e-01
9.503179109359574106e-01
5.315164184726406393e-01
2.267238420172926761e-01
8.534402843563262397e-01
4.253634652814354267e-01
3.086274098813495126e-01
5.214727085599293321e-01
2.489982266728987259e-01
5.348995440196954165e-01
5.539124454057403613e-01
9.426453514784742804e-01
4.356532096049349212e-01
6.376357320377807891e-01
3.779357337140062389e-01
9.472748962188670685e-02
3.402608981918814335e-01
3.895967628507936986e-01
1.792295202432836465e-01
7.770905271327188668e-02
6.507265580860038812e-01
6.381222421197756400e-01
2.578203832937538964e-01
9.748444369095233819e-01
3.298659527259286683e-01
5.816955080695536129e-01
3.467640851376618816e-01
3.413951154227468088e-02
9.875746288854170274e-02
3.182402083076993904e-01
9.115675166139316499e-01
4.032185189353375554e-01
9.012596496336648944e-01
4.115223336954048072e-01
7.390312581883451415e-02
6.623174149206476624e-01
4.286959140417003766e-01
4.448247860521076236e-01
2.889385913336184331e-02
9.005033186397571887e-01
3.843188297079118687e-01
5.215379476722120655e-01
6.117551883287010162e-01
1.966874865672786354e-01
5.629732313217139517e-02
4.169799658257309360e-01
5.425549245218429517e-01
3.691687543080941492e-01
6.584725105777198273e-01
3.576124894090315642e-01
9.788062326452753314e-01
2.296924549726462317e-01
3.712099821118028942e-01
9.311006516822128987e-02
9.119070085146055993e-01
6.695246614212900793e-01
3.455151311238792156e-01
4.971807205366793880e-01
8.811620424475518076e-01
6.515785649960342818e-01
3.015360255488208630e-02
7.546781423114379272e-02
9.272562469253572415e-01
7.867646502269128872e-01
1.783604827818132676e-01
8.018706530168426827e-01
7.581199821682761408e-01
6.515851454989469715e-01
2.928712766715034777e-01
9.115449021309696143e-02
3.906153084196082315e-01
3.200795245074794515e-01
2.393634288819740386e-01
3.170330690589652223e-01
4.802360572481774170e-01
5.193834489553778022e-01
7.770505305526659301e-01
9.628377654686242071e-01
6.757633260841319212e-01
4.534734411249875530e-01
1.552173656559681092e-01
2.755457316938045853e-01
2.265313484118506304e-01
2.906437210123776760e-01
1.822119452024381081e-01
2.725560466156904393e-01
2.095278191606760876e-01
7.859792024771978802e-01
7.323421697268177599e-01
3.588011902693990507e-01
1.962225813951491427e-01
7.392533203542620557e-01
2.258570139125599674e-01
5.998185309740873272e-01
3.164031654921471981e-01
9.223044746102669889e-01
4.803736180696097646e-01
6.088036355451759141e-01
3.784070096041994846e-01
3.760747131940315180e-01
1.542238369717509050e-01
7.552455378355114046e-01
5.360357376971555121e-01
7.030417083969532355e-01
8.088681728826035977e-01
6.137447768023197581e-01
3.852479444401750719e-01
2.308501883073715844e-01
7.751391404001699570e-01
4.057046794394711942e-01
9.104439941720645635e-01
9.900852269568276576e-01
5.727543096023584024e-01
2.019733593317399878e-01
8.953023848185761580e-01
5.721889991248377827e-01
3.094314067317622818e-01
1.410966913160860425e-01
6.986774496270767854e-01
3.511762706414937041e-01
9.438555378796847917e-01
5.435589081431041469e-01
3.114268468976802984e-01
5.643707841046815554e-01
1.850524763084212543e-01
3.518408789432657668e-01
8.927071956064837055e-01
3.750866570300342984e-01
4.903872025059619055e-01
3.183996688248437179e-01
1.724441127823580500e-01
4.189065419016763103e-01
7.289457182342833352e-01
7.690835223857002134e-01
2.749001059021537463e-01
3.627428547005304704e-01
6.040895024507935140e-01
7.379574726740880664e-01
3.080219222077543728e-01
8.775042963633091775e-01
5.766040779081835765e-01
5.286801339667605015e-01
1.748288496904712996e-01
3.321108843326344706e-01
8.767088062508238133e-01
5.269073950133600359e-01
1.114745368305398721e-01
2.355588538583935909e-01
8.701381016834487392e-01
4.091662781875915478e-02
4.431869289220256025e-01
9.141275312000232134e-01
1.408264271820554026e-01
1.710258783936957627e-01
4.470250925946828158e-01
7.438809254967140294e-01
6.989744886484253739e-01
8.692823799084337111e-02
2.669300523359743327e-01
8.703183668624796532e-01
1.377761499616670937e-01
7.556684776914157631e-01
7.130157073025390480e-01
4.038743985060777586e-01
8.626600052643439431e-01
2.373152029197334034e-02
5.461193879722835431e-01
7.852176443094536218e-01
1.660992745778457902e-01
2.703183455097390997e-01
1.471218133316188892e-01
8.007504825132808479e-01
5.602938890027927554e-01
4.111404779758772721e-01
1.670308217298224207e-01
9.882260169842408404e-01
2.204930969325062939e-01
3.891743143225601109e-01
4.728139279498623226e-01
3.471903745158438914e-01
1.350997732288762299e-01
4.112435061722452545e-01
2.712472333869295760e-01
4.279689280450905686e-01
8.364443397950670489e-01
1.396937796887861571e-01
1.148869218612450505e-01
9.354727323861304900e-01
8.601621263859356992e-01
9.918854295815948685e-02
5.795896283351447131e-01
9.540435368946735828e-01
8.870539760549800423e-01
6.183851172786103412e-01
7.264100993932754990e-01
4.182599434207608935e-01
6.905902684399848335e-01
8.248476999929481579e-01
9.338174628936700694e-01
6.477643755831509198e-01
8.819112013746772671e-01
6.232598446271764292e-02
4.413700212868587602e-01
8.884359228363704064e-01
6.538746381651381334e-01
5.350156794152357564e-01
3.478817043922382002e-01
7.581896704206596560e-01
6.251239151573662056e-01
8.855171118945854847e-01
9.099490281166796590e-01
1.013572652297437537e-01
7.938625926035084435e-01
6.566507996464245878e-01
6.835052680978978001e-01
2.162380092049455138e-01
4.502509758013409913e-01
3.434401415919788869e-01
8.068307726903991561e-01
7.793113387456508390e-01
8.392682045248688327e-01
6.689938034650844134e-01
1.949668004876902172e-01
5.432727235271587185e-01
8.280884523793130558e-02
7.777825067178699703e-01
5.378555629363334090e-01
6.381201168456853701e-01
3.331641516434328265e-01
6.314366977868588471e-01
3.342552208997336960e-01
8.953567199917581432e-01
8.630074071893589771e-02
5.029957236690787425e-01
1.358823457071928198e-01
6.009498388316997231e-01
5.672013194198914920e-01
3.606014585781345261e-01
1.927279161560019327e-01
5.675386205163623909e-01
4.326828083743898823e-01
4.452933926406025256e-01
7.191889801569011365e-01
3.908939075051853784e-03
6.849653061545801780e-02
6.859034470142998385e-01
5.266590731719730245e-01
9.081947594974680849e-01
6.280991020798939450e-01
3.423558830049723278e-01
5.088202922202633705e-01
8.849410650563840353e-01
9.391290216055819817e-01
