3.564775527074853789e-01
9.570581413230973000e-01
4.389653621048656973e-01
8.865069135821117552e-01
3.132912465361868959e-01
9.022266480533274180e-01
7.284303731237873336e-01
9.090989642954696581e-01
2.232521484549294666e-01
2.013001105098537469e-01
7.197285403059798803e-01
7.059113108028607364e-01
5.132823491852392950e-01
4.101971610718766481e-01
2.117543306956648497e-02
2.102153224583425128e-01
1.452179695599078446e-01
2.439057923142150530e-01
1.249878952729432946e-03
1.771562707547251758e-01
6.711165504017818639e-01
5.036389465249061503e-01
5.515124303517993098e-01
2.358770070199185387e-01
1.555974832348178127e-01
2.875927264583876264e-01
6.677004380086793978e-01
3.913642756492412556e-01
4.789160896969334447e-01
2.973699658506022692e-01
5.076951913819442996e-01
8.715641619182552535e-01
2.903395558136341315e-01
8.556827975783997120e-01
1.304411339144619930e-01
2.827823682027716945e-01
3.618625204948596741e-01
8.337693987328638201e-01
5.353114074541122092e-01
4.868174534013816057e-01
6.960513004500217260e-01
4.686361480526142209e-01
6.067390306245604714e-01
3.120737177633109427e-01
8.471670316432118319e-01
9.386386455531304795e-01
5.447665706416859877e-03
6.589456679264265038e-01
1.136181428197792220e-01
5.748419609756242332e-01
6.798587835146330249e-02
5.269403285975704510e-01
2.921692018969311855e-01
5.538073163318703029e-01
8.172877571416997666e-01
4.297450682380463682e-01
4.194493573990298874e-01
2.264481860307775429e-01
4.668705455990664888e-01
4.921310492020865013e-01
3.051449396860584917e-01
5.699576084134300169e-01
5.911379747194956957e-01
7.247777885330142222e-01
8.148450759793132159e-01
2.222145877872774289e-01
4.424247336418427601e-01
3.761534594168935985e-02
2.497496873631768199e-01
3.231889263727236727e-01
6.235516213124034923e-01
8.643273273588446548e-01
5.023196385802335406e-01
7.587652606127291977e-01
2.358973155698658175e-01
2.784695539736800063e-01
2.007661682935718561e-01
7.293452457777755971e-01
2.091582567299921092e-02
5.598106646462853719e-01
8.421006179201778741e-01
3.394173787380899698e-01
7.683178489902918740e-01
4.988834198678137044e-01
3.624446031222035014e-01
1.083877254150270586e-01
7.823996381651610044e-02
4.662433683265444495e-01
8.205543221487222594e-01
6.929058674669641427e-01
4.389316139345753598e-01
2.232715709129822201e-01
9.993177092798734007e-01
3.491015594854323112e-01
8.040541240851929450e-01
3.231829356850980384e-01
1.041797230240263383e-01
1.367057339443575881e-01
3.932752496743919801e-01
2.354692836086538232e-01
4.525741949790873520e-01
9.154587918438945593e-01
6.911321893706054986e-01
1.320448557149418445e-01
3.966842964615495681e-01
8.863524252181599339e-01
8.270872548234617927e-01
6.260597400174413574e-01
9.355034728233130314e-01
1.119316846307937263e-01
1.702335239357151142e-01
4.013424158482948867e-01
1.362710480394355717e-01
4.945266217448361923e-01
1.830880531983791748e-01
7.188355774840848866e-01
9.283145649236809183e-01
7.114845277218326824e-01
8.557109571072873955e-01
3.831059544551584928e-02
9.807943762622255424e-01
4.757340354480826816e-01
6.345075728820056549e-01
4.036321336002852700e-01
4.126113256040018218e-01
3.174778894695767795e-01
7.011098667383816041e-01
9.239407451588257381e-01
1.760076001307991911e-01
3.924274317595806139e-01
2.109207292175568904e-01
4.934132579106169647e-01
4.725018686002024904e-01
1.660853144706028184e-01
4.603667962805453318e-01
9.419508008528360010e-01
5.837891178982201890e-02
2.522429568713860926e-01
6.209311748325890834e-01
8.669884700100771724e-01
6.412974062227122518e-01
2.632428853799811952e-01
4.761452329163057273e-01
5.196111410289968591e-01
4.501428523323569575e-01
6.945377838920177016e-01
5.102942639320715568e-01
4.655601182508949387e-01
8.425022841758743608e-01
1.937132848534208751e-01
6.840327078166833497e-01
3.803692988948847997e-02
1.848392872149769994e-01
3.549470675421966259e-01
7.924324082349668563e-01
3.651839762038781023e-01
6.404103947189135893e-01
2.213782581497106827e-01
7.903271002158241965e-01
8.721380456126240910e-01
7.412850823149519375e-02
4.916795420237948244e-01
7.983738961224926545e-01
5.434911299634420656e-01
3.179728690287961790e-01
6.527483453932526603e-01
6.484065538471276424e-01
6.851118065839642002e-01
8.687614222736184111e-01
8.947160234143836099e-01
4.922513049739218882e-01
7.261582990066108856e-01
1.654507486369138913e-02
2.568223151687146766e-01
7.931695881502419665e-01
2.386820317516232803e-01
2.154573643636237268e-01
5.882699151883384880e-01
4.742904659080624530e-01
5.426974157150608047e-01
9.557846453489060590e-01
3.966591479793665220e-01
1.180546067306995628e-01
7.668767539953296186e-01
8.311558037072432903e-01
4.095819800094515628e-01
6.906377924744133701e-02
3.116900746459014826e-01
2.328630526813280088e-01
1.624395681283413717e-01
7.859951625662231489e-01
6.278233937956890776e-01
9.883230332988458544e-01
2.619113003034068132e-02
3.159930661360609294e-01
6.047377778960044692e-01
3.986853823678370157e-01
3.911668450129078822e-01
4.483559491772000083e-01
2.164940409020598144e-01
5.372411420768541390e-01
8.763188227713292200e-01
6.608670503818159236e-02
6.859419616540000098e-01
2.903141034150631405e-01
7.304330058747412480e-01
9.688744303249975376e-01
3.287508632374640527e-01
8.514069208439072334e-01
3.041314557568667309e-01
4.351874425302411087e-01
4.283074938280785338e-01
8.897363252757821694e-01
2.402750030234964695e-01
1.853126202258422728e-01
3.858760160123456684e-01
4.830888183384940415e-02
6.164319519256663549e-01
8.697433228202026134e-01
7.689050309758629353e-01
9.875783214978162139e-01
4.726500517382803412e-01
6.998952376404374842e-01
2.842384020529686861e-01
9.053980070912844846e-01
4.140709849043705537e-01
1.779120873072321807e-01
5.600208958754082644e-01
1.072250329887693976e-01
8.288592025067268443e-01
8.414796237810882040e-01
3.080808178333872549e-01
3.575515384253993290e-01
8.352114438539520735e-01
7.325118269567720830e-02
8.944101424971467873e-01
6.655758652909331552e-01
2.893915923499823517e-01
6.283416923084853556e-01
8.836909935919703418e-01
8.412288465943573712e-02
4.909268477109283157e-01
8.207398010322486392e-01
9.092904530291331389e-01
3.212489892118944868e-01
6.034124986122995082e-01
3.010592410105239480e-02
5.309382683640495593e-02
9.950113355995764408e-01
8.587761052565441311e-01
1.270916942236643976e-02
2.521864446525811099e-01
7.184678626396326928e-01
3.694853552795029916e-02
8.134797973667389215e-01
7.510931064468973073e-01
9.474597484356117594e-02
7.911661348168985697e-01
4.630932122207460644e-01
3.942085188817131547e-01
1.990371959570772509e-01
8.021567716070541199e-01
7.396389623602583896e-01
8.559166482936418907e-01
2.552787570814444296e-01
6.566051033598016007e-01
2.691746472273791602e-01
2.550667318449066912e-01
6.239354438475015474e-01
9.927416969277982339e-01
8.147796408844402150e-01
1.798750443944641120e-02
1.545966554587786534e-01
1.554169850294170319e-01
5.107192114681745609e-01
9.613005841851884892e-01
7.511562341997020109e-01
2.189678484416290871e-01
9.957029788182107932e-01
5.239154002532570020e-01
1.731736769171383639e-01
2.780552747624258636e-01
5.406732608079688474e-01
5.379608600030179044e-01
7.286997866731019791e-01
9.433813159850428232e-01
1.451001900629289576e-01
1.552443891947111743e-01
5.368365570759459082e-01
9.513852285538718645e-01
3.467828424985758273e-01
2.141838864520589913e-01
9.395534912772584013e-01
3.876601109832676917e-01
7.615589406178931986e-01
3.432239427871436321e-01
2.026555466769230929e-02
9.026164911848585382e-01
4.167471953255361683e-01
5.668801983290829849e-01
4.972455645996142204e-01
1.815988714500649248e-01
7.547469526692052177e-02
2.200704654445339026e-01
2.393976526779852954e-01
6.241713125465364609e-02
6.333658233319120479e-01
5.143433369264266419e-01
6.386282650560149987e-01
1.837065133718560617e-01
4.143558828907173419e-01
2.521012085542835290e-01
5.208230085845715340e-01
9.771363321493398146e-01
6.606373626992726455e-01
8.112977150001529081e-01
1.404363266215393757e-01
6.125097692386127779e-02
3.214604130186295983e-01
5.321637773153965467e-01
1.825824798449476871e-01
8.360344932552521424e-01
4.700953092112514220e-02
9.992011798687259194e-01
4.971541451670864475e-01
5.446839673083284650e-01
1.226389383144750322e-01
4.999651168283480995e-02
1.579905013257989488e-01
6.019780165836052799e-02
5.973105107979937989e-01
3.009464315091425757e-01
5.552976082905836108e-02
6.013445791290924491e-01
8.405433673141160522e-02
7.704504889872388906e-01
6.205537149282526199e-01
3.126881768793249305e-01
1.435620617904869167e-01
9.393274326943752417e-01
2.825039562833506768e-01
4.948245256818771809e-01
9.126735393987468470e-01
4.897012717446682650e-01
9.958564837360086575e-01
9.759516637528014016e-01
6.692923695965535824e-02
5.204437995256504523e-01
8.349337525490716505e-01
6.121201348497913308e-01
8.469498576293381653e-01
1.206517041345491759e-01
6.119309312767682307e-01
4.128069221244423659e-03
4.106774418662583193e-01
8.389891334245533905e-01
7.613128673352472786e-01
3.888145622095240395e-01
3.206084859238939044e-01
5.443912565884311272e-01
4.368691216945493894e-01
1.432219917945308785e-01
5.140826456179248272e-02
8.703517047342055335e-01
6.637939235092635837e-01
9.801783183721914927e-01
3.904789507596975184e-01
5.455559354682785189e-01
1.114847566370950060e-01
6.846789770329647640e-01
3.375095595359541845e-01
1.847002723350149589e-01
4.110300916096101265e-01
3.823422445596346142e-01
6.124861400515801968e-01
4.273662106362083879e-01
7.964301662707542473e-01
8.913238589381963228e-01
4.762769133873087091e-01
6.053476596514191233e-01
8.753206900101578869e-01
4.147750408598116501e-01
8.611077988288790008e-01
4.719100818060688596e-01
1.124720762488983228e-01
7.415467042115098106e-01
5.996236710135027792e-01
9.261829265419115886e-01
7.129953376455843150e-01
4.180132496338091475e-01
7.300688102884387298e-01
2.236451930656324638e-02
7.976584423856865058e-01
8.862643459408896529e-01
3.169100903645158951e-01
2.259850255593468527e-01
4.913504239929367134e-02
4.967732575277371554e-01
2.892245504597212857e-03
1.047295883160802576e-01
2.148507642362471604e-01
5.696539766271212502e-01
6.680323601270492517e-01
1.738399152689332761e-01
7.251770289180280438e-01
5.921940863736004923e-01
3.392396709957530287e-01
3.426851624753961545e-01
3.410131470133115350e-02
7.976352804882010927e-01
3.807433650236066169e-01
2.206793285762068679e-01
5.799565905870600613e-01
4.122561459424468611e-01
2.504560755789031479e-02
8.654982172552689867e-01
5.738601338794475648e-01
9.235706522001040364e-01
2.504429310732141367e-01
1.089142969102632197e-01
5.737301861672078340e-01
1.221039398490380012e-01
4.868293889287496068e-01
7.363441450827694634e-01
9.441669500261188341e-01
4.111163700977319424e-01
1.146874403826765310e-01
4.832898826129610192e-01
3.639233443134436419e-01
3.760197945045999912e-01
4.616063963234207090e-01
8.114590679001606466e-01
5.107583538083162455e-01
9.515699289695565000e-01
5.347673984580822992e-01
4.121068621521002395e-01
5.046513051529480931e-01
7.168768976946563454e-01
2.488107764578588732e-01
4.748387579570659822e-01
3.288215868975902234e-01
9.153666105438627021e-01
9.179604288243109478e-01
6.570232858368876272e-01
4.593402047210887185e-01
5.173183784761891113e-01
2.146845322808331735e-01
1.413220734255324906e-01
1.692763740198537370e-01
8.005206165066388602e-01
2.691639286626360539e-01
2.324755583334383591e-01
6.208594596068051086e-01
5.865893814641528481e-01
5.954716941845304978e-01
2.131333665191461613e-01
9.447653314610167108e-01
4.021018933022311170e-01
8.415980223693226847e-01
2.846213539769637535e-02
2.058538360951192026e-01
6.004037136146928022e-01
6.879770182817690483e-02
8.883960099080902006e-01
1.803179632327901460e-01
6.051498936706876108e-01
1.267543386131425587e-01
5.038922367230412869e-01
7.180008208013058946e-01
8.214305469673693905e-01
3.382914272020548507e-01
5.417581543867832083e-01
4.935128408991062976e-02
7.604336353071625698e-01
3.843362385752202570e-01
4.726397508731260411e-01
6.138664410679062211e-01
2.797478981762939743e-01
3.048844463809099459e-01
9.394983283049694878e-01
3.206442175522494775e-01
3.715228427381500609e-02
4.275746441986785218e-01
2.022102152172278178e-01
3.954014230187363754e-02
4.184526420323918527e-01
5.674089639834004606e-01
1.088382089368832295e-01
3.565095810044405233e-02
2.254198166521941271e-01
3.742151792762885565e-01
5.494634291212017185e-01
6.770230949323190472e-01
3.081023337577258880e-01
3.529826854480803133e-01
3.971513190017927908e-01
5.472703956380291501e-01
3.699740127753546881e-01
9.534686457132374171e-01
4.202395319075422631e-01
9.579949549165431844e-01
9.861055415785472400e-01
2.753850975046353566e-01
2.421692128566033109e-01
3.422836116186518396e-01
4.375766344602327607e-02
6.716200289260010337e-02
8.359798753927460968e-01
7.778577450842945051e-01
3.854403124031842154e-01
9.103733552858572775e-02
1.557577449336836617e-01
4.405994223234961371e-01
5.627586752049388297e-01
4.773223203903367295e-01
4.419545737855546941e-01
2.867941164438070345e-02
4.689782611857651329e-01
3.911748071189856679e-01
9.331109689876730950e-01
6.981141971175349736e-01
9.256038608337402440e-02
8.404855450296255803e-01
8.771700994376115945e-01
3.821595270550394163e-01
3.149871629406590934e-01
3.054617464800224447e-01
6.639719233666221410e-01
4.846772180802633168e-01
7.321773718279247500e-01
5.623963947233886485e-01
8.809864649659131519e-01
2.200175769290532157e-01
5.810251818214451358e-02
6.975401369805407370e-01
8.951615276898805540e-02
7.059636941644923391e-01
7.776407304737400494e-01
1.477352566630611985e-01
4.612017677912809699e-01
6.765642481650676610e-01
5.416846420024027386e-01
4.254750457040177292e-01
8.074675850441187519e-01
8.245277951111276149e-01
2.755375908477323277e-01
7.362827882139135749e-01
7.557189976326087466e-01
9.852608632221038221e-02
1.296013684502104191e-01
9.529047407827406779e-01
9.262072565714679628e-01
7.079128794569640171e-01
5.055989025689264782e-01
9.588534205952089495e-01
5.056138686394054949e-01
5.962714991414475030e-01
6.621239836173311577e-01
4.202393646832328633e-01
5.405491891458016340e-01
1.101140911054107052e-01
5.663512893770682455e-01
6.236694898441882406e-01
2.243395026706607176e-02
5.882005863264043732e-01
1.235709867700368614e-01
7.416692269030148443e-01
7.607613438076192836e-01
9.773832560753717980e-01
5.399254583560567644e-01
3.771300922574682968e-01
7.979598917588898166e-01
7.490565941975990683e-01
1.535775517504359700e-01
5.417911242942025085e-01
4.875624956753710215e-01
8.475187579542715621e-01
1.259247816161788158e-01
5.201127647140202370e-01
5.758969411521852599e-02
7.075789689299559759e-01
2.858335063752234229e-01
7.668184198987159084e-01
3.735570784411594847e-01
1.905980772409554547e-01
2.636643190489260657e-01
1.660401105855368042e-01
7.076319102750507906e-01
8.767021014162883485e-01
5.470747077863081786e-01
2.484378372394304701e-01
2.562715869934294455e-01
1.347542260151153304e-01
9.345771994976849184e-01
7.888634851149646243e-01
3.232894750205395074e-02
5.334117928810351295e-01
8.134303649525367330e-01
7.772611850819989288e-01
9.121090218055390997e-01
7.165161837267992606e-01
6.605422159122147363e-01
8.069053160885899523e-01
4.828089042515946172e-01
5.107649116220002172e-01
8.828582009838764622e-01
4.584664251496703979e-01
5.996569955526774853e-01
2.532953939034185975e-01
5.879320184369407620e-02
4.194373563306275088e-02
5.483022721985543191e-01
4.174730022308139610e-01
4.538954529534310334e-01
2.678694350484780440e-01
3.596673824589950996e-01
2.707590896889637833e-01
4.346130298780174206e-01
3.022099935567172935e-01
8.776457625549475283e-01
1.673870934392376331e-01
6.266315771289144854e-01
3.139135500840695148e-01
7.821256531613174356e-01
7.008037170021582662e-01
7.391149134005307042e-01
1.775141773731105932e-01
3.470539526211863235e-01
3.676323527021940762e-01
6.052697079203400721e-01
7.878649664419024035e-01
4.364704415744699029e-01
5.933843980459121425e-01
7.535867347558867779e-01
1.210497096355550584e-01
1.180207101258204938e-01
3.493545936043961353e-01
6.236532417282955043e-01
1.563231484468721177e-01
3.499980376553096795e-01
4.836531035257998212e-01
5.331760843297114194e-01
7.348756562529948910e-01
4.727062129580750227e-01
1.592381641775941770e-02
3.013783757667871654e-01
5.990741827005707787e-01
1.904452081312828504e-01
2.659417749375538875e-01
7.608399057490854434e-01
2.064828638321358767e-02
2.353379025106117073e-02
8.363177881040595452e-02
4.989354807068382414e-01
7.793916523517175898e-01
8.230062577824563963e-01
6.859427188037149348e-01
4.269619810535620896e-01
8.888407402477154218e-01
1.776461918209659707e-01
4.859049194418570972e-01
3.732291233028325328e-01
8.320191837933577084e-01
7.131127025366218453e-01
2.508834818364862329e-01
6.524911894497502640e-01
4.573115081723148068e-01
7.816873580348091544e-01
3.713060132137978586e-01
4.355401378544198066e-01
1.370296502550580886e-01
9.941746196817923265e-01
1.764910311271572496e-02
5.504538062458607106e-01
3.273289841969944103e-01
6.452208777051020583e-01
9.377511797827311479e-01
2.976421343231807626e-01
3.174201533478427928e-01
7.541916391311350720e-01
3.210632211879408393e-01
2.669574371427814174e-01
3.148605657134375679e-01
1.301942031335460159e-01
9.067835181822668789e-01
3.717994494076648504e-01
3.522608066129983007e-01
2.310586918240087329e-01
4.009537832786813638e-02
2.302902712014452957e-01
2.900386856962866577e-02
7.939339482463479980e-01
3.768630393677065982e-01
8.142322735535735267e-01
7.476299774521402153e-01
6.716979176735813351e-01
1.442328554124425732e-01
9.309701891325157241e-01
3.441886183567756108e-01
5.433882586716626273e-01
9.810609197771513745e-01
1.165649994605352235e-01
1.190991669832723865e-01
3.168535780696600801e-01
3.369132168790311965e-03
4.389261779844503275e-01
6.342511107885687727e-01
1.507493322821773507e-02
6.681614931687276382e-01
4.924908935581652214e-01
6.882327644989149062e-01
5.743763226551715784e-01
6.183897284897987845e-01
3.260758901680076427e-01
4.997525273885217167e-01
9.959545017688408164e-01
5.821917390687504357e-01
5.174503824918370576e-01
3.737272627650317647e-01
6.452039012554918740e-01
5.376312068660953347e-01
7.040144950834135162e-01
4.795195550890452019e-02
2.758519678217805637e-01
6.928333828467111433e-01
9.799311097210673394e-01
6.415345427542884504e-01
8.389886147521498083e-01
9.956787166353359142e-01
3.541276214917365994e-01
4.511278315120474947e-01
7.407048399218362222e-01
1.364569251077036860e-01
3.380561648326065871e-01
6.472605264574580186e-01
4.055661794735514469e-01
9.432727594787720937e-01
5.537397896110661799e-01
3.738176533304170546e-01
4.617015532651088661e-01
2.826749143149042132e-01
5.483181811005489736e-01
2.958077331983732794e-01
1.344033080662577762e-01
3.474480917294996418e-01
1.263670739185154268e-01
1.678490469130633489e-01
1.147090491781557198e-01
1.080413213922368776e-01
8.106110579975895902e-01
6.932252899179089933e-01
3.846830155325076106e-02
5.441026812857528983e-01
3.191109628495436557e-01
8.425609885068531257e-01
4.387423657841837965e-01
9.256520819844148429e-01
5.307503127999052550e-01
8.042218728732473121e-01
6.180869783473141865e-02
8.311249380431388056e-01
1.730886930053838757e-01
9.463360787838480670e-01
8.617595789088989822e-01
9.176790332614110923e-01
9.691498405943378414e-01
3.630153506826160337e-01
1.986094553986766931e-01
3.926493824310454128e-01
3.121385815992858692e-01
5.508430765729439571e-01
4.897750672604428424e-01
1.306564938383631969e-01
2.397577878932989348e-01
5.973116919797794022e-01
1.163397594440781502e-01
1.595034637679189071e-01
8.561268021741907930e-01
5.556153514482783384e-01
3.903137952527655496e-01
6.573675866447398208e-01
9.403932794078173618e-01
4.900480150415970071e-01
8.831790130450456466e-02
3.189108129302606898e-01
4.581036653381047596e-01
3.788234918522866979e-01
2.119235334171387652e-01
3.131967309624995588e-01
7.308144383668553346e-01
2.119786706775619312e-01
9.412970193406897668e-01
1.826151542139153872e-01
1.273870065554879583e-01
8.886068981697281544e-02
2.856439136254030897e-01
1.363741366746610284e-01
2.648403787422937139e-01
5.404103718697563785e-01
2.405517532993439733e-01
5.372784160811974186e-01
2.326193166399456169e-01
9.130675740567344434e-01
9.209819952287785494e-01
1.192645382256662945e-02
6.873811359406153398e-01
4.655293269189062499e-01
1.494584737416220221e-01
5.971048551532730508e-01
5.909499963478505036e-01
7.470855544048754515e-01
3.254469911272210858e-01
4.522422823368932310e-01
7.365089143935258376e-01
9.903952959948064683e-01
5.654053358061669199e-01
4.718380121673690919e-01
7.543995188075737213e-01
4.352466862017858595e-01
3.544251690181388081e-02
1.305185202790560828e-01
8.009715053568332577e-01
2.107838643553638924e-02
3.497309095518221778e-01
4.901399831969069920e-01
5.706230228211761624e-01
3.609235516665986188e-01
8.476115633350640444e-01
6.212722112903582561e-01
7.876947802747996663e-01
6.058369967759276165e-01
4.867545308026852702e-01
7.288215503404917861e-01
7.405348318767530635e-01
1.332137158892654494e-02
9.531843770104270197e-01
5.359473339498006528e-01
2.331002808931340597e-01
7.272644028239654279e-01
8.065309292736894120e-01
9.923525818405175558e-01
5.281589222593653377e-01
6.890287230342084790e-02
2.013140249783164082e-01
2.721087466821459078e-01
5.857130341856475741e-01
7.933521119562643165e-01
4.554517434497681316e-01
5.281831343965159853e-01
3.806032100633238713e-02
8.292397362320894638e-01
4.400709992202636034e-01
2.346347270332570512e-01
9.044412004187640797e-01
5.734290190135847842e-01
6.318359968833059392e-01
9.242751797904413813e-02
9.989681882666339163e-01
9.692788337185702652e-01
1.123530121528686365e-01
1.333009788049158706e-01
7.813984319575784099e-01
5.629665153956997514e-01
3.677919770724541459e-01
8.990274481620813551e-01
3.783836552485769777e-01
8.693126121857871480e-01
3.849136481973305379e-01
1.915364331577703583e-01
6.685530097166481056e-01
6.296931115136845669e-01
2.033353112088502890e-01
7.242771627430695247e-01
7.987113889750107054e-01
1.924792365908170044e-01
8.126119720313422778e-01
7.180121998587299936e-01
8.891907491196495705e-01
8.808711257973734776e-01
7.580010048010688006e-01
8.453786048241263007e-02
4.805653118427085646e-01
2.401101950145267949e-02
8.067189674795256504e-01
7.958570430135647467e-02
2.896241545992310762e-01
6.863526460219426806e-01
2.563421327403914152e-01
8.470472611899382276e-02
4.994473838772561791e-02
9.246602228449407601e-01
5.877160425027183610e-02
1.552637544857167207e-01
2.172599355906579266e-01
8.774619269208648875e-01
2.464300450836098832e-02
3.644836704826615037e-01
7.944541540574335814e-01
3.180797216354234180e-01
4.080048401322842189e-01
1.949177536347755924e-01
6.068203145361872330e-02
2.444122967354755982e-02
7.318642983208727415e-01
9.842502944028163059e-01
2.641998800295228822e-01
9.722868025465325470e-02
1.340053346265576151e-01
9.070503363550809217e-01
2.442124709064819044e-02
1.868275217077884909e-01
3.134233760533586821e-01
8.799279177192096402e-01
6.750379921214592072e-01
5.510345390769710860e-02
4.421049645501201608e-01
6.612334768787943018e-01
6.398204060011594141e-01
4.276289343704997581e-01
4.146022604194812278e-01
5.000074143508511648e-01
2.036962209332245921e-01
4.159398554960960226e-01
4.443345751877689764e-01
8.662545992509531612e-01
4.561640407411413634e-01
1.360463730040178953e-01
1.737472038295715393e-01
2.052956853433127726e-01
4.398973874956475516e-01
6.399336069543039018e-01
9.590947886350726925e-01
1.077450702732698495e-01
9.261027967645970582e-01
3.193414512580294851e-02
6.268387521880576241e-01
7.842773759404068068e-01
3.051507949575159584e-01
2.322866317270620984e-01
1.171128593054868716e-01
3.072881282318472573e-01
9.003752613960361861e-01
8.465678553772861825e-01
2.909481561092752688e-02
7.413318648082102280e-01
4.116695638312503069e-01
8.186526306220326399e-01
9.754696987731934499e-01
9.864436489239982730e-01
3.992136115064029989e-01
5.310577000059538699e-01
7.225013623149787456e-01
9.438557114930425929e-01
3.319811417827973621e-01
9.325106563992378028e-01
1.921677001885518932e-01
1.841120890841770885e-01
7.497492384382576924e-01
1.475867921282302264e-01
7.953950832759119072e-01
6.619397246203128082e-01
1.335323148785960701e-01
5.654515902235269786e-01
8.300332757808323025e-01
4.625192486510146805e-01
9.588752381162528593e-01
6.571073954304723630e-01
1.327883846828205039e-01
2.538045018805782371e-01
7.938842481701995357e-01
7.450987619303075515e-01
1.770984576841714286e-01
7.645786092915130006e-02
8.681332565809829482e-01
4.040349733587901282e-01
8.885627079782356663e-01
9.484755234024988546e-02
5.590122167082400839e-01
9.363447498995778329e-01
5.848245456442630053e-01
4.099162414287158551e-01
7.925586673919340353e-01
9.062849717521404003e-01
3.669178126350840508e-01
4.472682822504658873e-02
3.474017295085675139e-01
3.325271088746580839e-01
9.849104274555223748e-01
2.784520334915909778e-01
6.478670989353746412e-01
1.702085960940197262e-01
6.931779660212699090e-01
5.907728529577599419e-01
3.348401354423526932e-01
2.736187457822188973e-01
1.836376413398229657e-01
3.291486306626599800e-01
6.792814039425562056e-01
5.210365500342827305e-01
3.742571530133070867e-01
6.963667404833391306e-01
7.785977114109166042e-02
5.499154592293905575e-01
9.224903202262305646e-01
6.333391356429919350e-01
8.023555485091438122e-02
8.061751603036979574e-01
9.661573124506787069e-01
1.063061217847893758e-01
2.265624694145469409e-01
5.678858626206452209e-01
8.232218236013340018e-01
2.319602599106873608e-01
5.399026907230365380e-01
3.780857613954017316e-01
1.771154074951374335e-01
7.862505644482817857e-01
9.266781157437640193e-01
8.630575071599922987e-01
8.577522644068513724e-01
3.035891412964100144e-01
5.533111714566024686e-01
2.612809296870013398e-01
6.883014787358703312e-01
6.799916511225057025e-02
4.027538309875723366e-01
8.919795720171405096e-01
2.909298257172056035e-01
5.682951556528598180e-01
5.802020421135535289e-01
1.157239847686536427e-01
2.996095494167949624e-01
4.420655360703855674e-01
5.121130979553611962e-01
8.525354534016016395e-02
5.555582545116921622e-01
1.616616814685634118e-01
9.127028578537845771e-01
2.910842695097122235e-01
4.659949300484153012e-01
8.813632251680044716e-01
8.967797913286725819e-01
7.551812251103490192e-01
9.165336131974686218e-01
5.914773984201812107e-01
9.845951058712676396e-02
3.144345325506170408e-01
1.779066962954189979e-01
4.944831036404969682e-01
9.998973260951389275e-01
1.043367193595708953e-01
4.105684676781602427e-01
9.030641096690962266e-01
7.433043768973768284e-02
9.191963706396516498e-01
3.716359660026216094e-01
1.687921661832335607e-01
8.124701952464523647e-01
1.473245409854843091e-01
8.307597549120707692e-01
7.009291852522825383e-02
7.389521974383645997e-01
1.418496359424555875e-01
9.570417540001536771e-01
7.824758234002116009e-01
3.167799016188599381e-02
5.790818552803417285e-01
9.866181073554483039e-01
7.910504886551998904e-01
2.586014392017121910e-01
5.514807764620911490e-01
6.003290964044701861e-01
1.699496274172033194e-01
5.488203165902523217e-01
4.784128975099254388e-01
7.246968633293583428e-01
9.231536487983434958e-01
1.160051669218942205e-01
3.017811801723521148e-01
2.275902722175680015e-01
6.400945742256276549e-01
8.466686306032605858e-01
4.823180748856663591e-01
2.000997605683393354e-01
6.508926571069961753e-01
2.398433812768900886e-01
7.780953769063181369e-02
3.736805388499819802e-01
2.509629604771232980e-01
6.799755940143146216e-01
9.102920454856372467e-01
2.867644981713990404e-01
5.358465630721055417e-01
2.339232550776455533e-01
5.718148005290124569e-01
8.635434027382750122e-01
9.689629130601593587e-01
6.973792790176752687e-01
4.442748276327730395e-01
9.505107749866976707e-01
1.644175104912378726e-01
9.552967340478553115e-01
4.485015871204477422e-01
7.991954341478224588e-01
7.648615627454821153e-01
9.318841878502178711e-01
8.919505892520808166e-01
1.445658169708805563e-01
1.199133562766293570e-01
5.384563264570507712e-01
7.964947942447958562e-01
3.139188531391684522e-01
8.974980662504847828e-01
7.298607048730696434e-01
5.202659052820767238e-01
4.675356076098281521e-01
4.889773193018163155e-01
2.914765887875707673e-01
7.174563527849101563e-01
5.223202803308667486e-01
9.013566520262802362e-01
6.953004856319868754e-01
9.491545934507339410e-02
5.886021991590327795e-01
8.223348944316748454e-01
7.987582281104724791e-01
1.982065310142653303e-01
9.925755555085333803e-01
6.690501557078275541e-01
7.268235903359843153e-01
7.895324905886597078e-01
9.677918214138970798e-01
9.282712509631612097e-01
2.232016286115792170e-01
1.759035320738645547e-01
9.175033372417750188e-01
5.903663245322606778e-01
2.011073837873532666e-01
8.258367748781499929e-01
6.692356760575732810e-01
1.229609946643891449e-01
8.463080041283125299e-01
5.834791673413476376e-01
9.715260989147296300e-01
8.166237723537952409e-01
3.843240013970673497e-01
4.000323709112433290e-01
6.936214193463171584e-01
7.407100875979690802e-01
4.438811407826429578e-01
8.921141644502430523e-01
2.453615857204943795e-01
7.832587374866002428e-01
7.291654397717993730e-01
6.254507589577731341e-01
5.833277538526097095e-01
7.503868249775764721e-01
2.376361538844098398e-01
2.347330736849919663e-01
6.258893408430588057e-01
9.314591534861870192e-01
2.257137255155261535e-02
4.969862110952248946e-01
8.469847444470647302e-01
2.162471706099766688e-02
9.297675210699489767e-01
3.786204871653796600e-01
5.281881337574211299e-01
9.611976672996968007e-01
3.624879575960028300e-01
2.664594511585390846e-01
9.132571234684468964e-01
6.800982484308237819e-01
7.628531236403901516e-01
5.577485712969019183e-01
8.847114875248140997e-03
4.878104686318118777e-01
4.081389110777039475e-01
9.177539332602707711e-01
6.209755762921586042e-01
3.340043678105163449e-01
2.852791562806721304e-01
8.950093005191614992e-01
4.893604160987632401e-01
5.155389216456434109e-01
6.359708808994875007e-01
8.847853230635299715e-01
2.201893407248436407e-01
7.235950141739697639e-01
4.846095231466693853e-01
3.545782614304172631e-01
7.113211916913851907e-01
4.671267833736465480e-01
2.329365317867333474e-01
2.473014163582952785e-01
5.584814912312475732e-01
9.436791982971870496e-02
5.229791736279659764e-01
3.657981582307275881e-01
3.540461876034466382e-01
7.103160651496307487e-01
1.576022463650448291e-01
2.198208822291045639e-01
5.030424044089999436e-01
4.013918387493302653e-01
6.495147054854738533e-01
7.182161659874543025e-01
9.494851565749665712e-01
5.949510898631669154e-01
2.386444026652936312e-01
2.066619971362427810e-01
2.730197516333632279e-02
3.464056712390164439e-01
1.897370580295903997e-01
8.462843623088470713e-01
6.409465028429771616e-01
2.149912677007653761e-01
6.359689129501571170e-01
4.467012471610573021e-01
2.423396468095317946e-02
5.033624586208209628e-01
9.128987195711475433e-01
5.624538256310279705e-01
5.771211986058744081e-02
7.924411792986429948e-01
4.145290118636125731e-01
3.336386182985484616e-01
3.040609367034785571e-01
3.979376939865240104e-01
8.051612922414141948e-01
7.028852473255260414e-01
2.336547176359886624e-01
6.900552689299543907e-02
6.783182753741784365e-01
7.228758016968417355e-01
9.357091320052270955e-01
8.437123278481105659e-01
8.242834243907428693e-01
2.582208407224609870e-01
3.373670642388174601e-01
8.837653056287541053e-01
6.533881818725525426e-01
5.376058600622873884e-01
1.820218105253205154e-01
5.339348406183634932e-01
6.122497507902472380e-01
5.035043959648726197e-01
3.521029861524485050e-01
9.684028274986007379e-01
5.180444591782773500e-01
8.869663286073187214e-01
2.981910049735708723e-01
8.148264207963067385e-01
4.036082585439004777e-01
7.199586603054137779e-01
4.190970232293307340e-01
7.441701001741651833e-02
4.504435637015719029e-01
3.661347537402992458e-02
8.539248727638326653e-01
2.186753807754933110e-01
7.515563588803705342e-01
4.740405757822419019e-01
6.513971609756153969e-01
2.295356784186932675e-01
2.351532453481571805e-01
5.532736801866544596e-01
6.983025625336226616e-01
3.866600994601575580e-01
6.898939270799622214e-01
3.675197133192456000e-01
9.138174850484326317e-02
8.947206770298643530e-02
7.436929155529968805e-01
4.995118779221755512e-01
4.071557114313762993e-01
9.599089857048495045e-01
2.642684691434413757e-01
4.434966347104751794e-01
4.022543124291370065e-01
3.550191179035718791e-01
7.457223562216804824e-01
2.421580627401320740e-01
1.951315469821196524e-01
2.233933081105153873e-01
3.619502493148747391e-01
3.620411804876181305e-01
2.019834969460052587e-01
3.764795753887818508e-01
9.674605043403083915e-01
3.237900961500499442e-01
3.500482865154658230e-01
5.262339818599781616e-01
9.237883227104551898e-01
1.823452775703168216e-01
3.765275936072243201e-02
3.600900161362392549e-01
4.069564287173732531e-01
8.808847548617854128e-01
8.292159894949685528e-01
4.116068413799692793e-01
1.509138973312722509e-01
1.344911787726443819e-03
9.054225143462296677e-01
1.324430711615638412e-01
3.462969168072295156e-01
2.405587360520518025e-01
6.259963617505293065e-01
6.854716366861169918e-01
7.111698412199579655e-01
1.136684264251310861e-01
7.653788221981445705e-01
1.397663922651483093e-01
2.165214301187768919e-01
6.733427908120230843e-01
7.465095474053551339e-01
7.983138887390754945e-01
5.030408384240456776e-01
5.157527720196782850e-01
4.478911237576954640e-02
6.872606184933689466e-01
2.564924946853612830e-01
2.050872280049713670e-01
4.100667050957580440e-01
8.690665986517600583e-01
8.732648135726563954e-01
7.019382068315180856e-01
4.266875242424916781e-01
9.124294459729775930e-02
5.200789064821809138e-01
9.784604986132949822e-01
5.382098567681921075e-01
6.460355693568445856e-01
9.091608311646067753e-01
3.090062278266951790e-01
1.401918451267758492e-01
9.468791102631280987e-01
7.493502268532695743e-01
5.064001197145775457e-01
6.977962967666289096e-01
3.445227558312751182e-01
8.536655023869577086e-01
1.185171884943500009e-01
1.011400005622641318e-01
9.767126643585173351e-01
8.440098301145916304e-01
7.703593450340381343e-01
4.770211177935963498e-01
2.031509606120797118e-01
9.424244460668845802e-01
3.086038424208947806e-02
9.165414751364370227e-01
4.136440235184890568e-03
6.348496192683403816e-01
5.344049921506279777e-01
3.209732614305370602e-01
8.834759251666032265e-01
4.687391548772696925e-01
8.438636201004540149e-01
5.365544216525243160e-01
1.099210251166063967e-01
7.602243949324384298e-01
8.962120061893688039e-01
9.450105607283304510e-01
9.282771854635718523e-01
2.464974392716587914e-01
1.986451452751925029e-01
2.032361702654471580e-01
1.595908650621012947e-01
6.603371434896776471e-02
4.395782651578412636e-01
7.987818020340620162e-01
1.924707325986564355e-01
1.326795108669750478e-01
2.242019256477694178e-01
5.177636468384950730e-01
6.559244418373599839e-02
3.615938386420315398e-01
8.846379570426727845e-01
5.000534691105980034e-01
1.642720714982028873e-01
6.030972742159365074e-01
8.486835225476613287e-01
6.287947245064775537e-01
3.590217462087574862e-01
7.979713486788652110e-01
7.252247103360550673e-01
4.194943245790355713e-01
7.587776838310931193e-01
6.529233542168187965e-01
2.562222699106018187e-01
6.213824778277865502e-02
3.477555912814410677e-01
7.230637636853096684e-01
4.319361900445112257e-01
2.251219839082696517e-02
8.690883904659754133e-01
4.416985252298287756e-01
9.061200106091538142e-02
7.571246140373063538e-01
7.419861287701787766e-01
4.307978636731273347e-01
8.401581707794689713e-01
2.239188862456594764e-01
8.652587387759796966e-01
5.668691364447033809e-01
7.386141537623979181e-01
5.884474461639619403e-01
7.022845302461813155e-01
6.919087237660146439e-01
6.557958948748323635e-01
9.643317575296092015e-01
9.543880531097881370e-01
1.551732023893154233e-01
2.529065786404908200e-01
9.360992719039528120e-01
5.903991742092842276e-01
7.136524688848264741e-01
1.926981829966396553e-01
3.125206229969457183e-01
1.695369696065736065e-01
6.486933317852211500e-01
2.659974351077596388e-01
5.558824047792533252e-01
8.054317496932139608e-02
9.721677571830502629e-01
2.864963630092967062e-01
2.339796946714022274e-01
8.987181444195322388e-01
5.870699728596519007e-01
9.718021300795172124e-01
6.446779462248507508e-01
6.869056505969352022e-01
3.766114621197441670e-01
7.700178326251269079e-01
8.194914909209863874e-01
8.251620195404043567e-01
9.687541451647216917e-01
9.767627886611308652e-01
3.774656565640853723e-01
3.635141244558087736e-01
4.363389786039664209e-01
6.335934352438349348e-01
3.206039588229798731e-01
9.910204918226569459e-01
2.375086998826531071e-01
3.718159179204666431e-01
4.349404468440606353e-01
1.445505050663210556e-01
6.225496072322613816e-01
1.498181074090705334e-01
1.063833510973758445e-01
6.096566141955011009e-01
1.159861122792721355e-01
3.623285224873941113e-01
9.014563843740446281e-01
9.981689280832428679e-01
9.560479520511582230e-01
6.561203636690170482e-01
2.589792630019127628e-03
4.760076589356523336e-01
3.413193468818384035e-01
7.806446627451888443e-01
1.117414403357814834e-01
1.775977152769855349e-01
6.361482956465457361e-01
4.439144931788876480e-01
9.255143984023646020e-01
6.618905594860601260e-01
7.863394742857874320e-01
4.584534498302968997e-01
5.041648795682108775e-01
4.527210023536207828e-01
8.427770482013826614e-01
3.451839972078274421e-02
1.221469031814800266e-01
7.554562266569939677e-01
4.926964906663426902e-01
4.066760602283259196e-02
9.930520998961556156e-02
1.524011825481670357e-01
4.223509534082814376e-01
6.754118781928931670e-01
5.287476452377196656e-01
3.161647994817869955e-01
5.512176112648775606e-01
3.325283094858410005e-01
1.457359339310776436e-01
4.097970807050873576e-01
9.489535462072329342e-01
9.927592037361199218e-02
3.999857462677119946e-01
1.071368468576074928e-01
3.854150556583804121e-01
9.801757613954450443e-01
5.059822888039338107e-01
3.269508278159685144e-01
8.487737489510222000e-01
3.198556254713882385e-01
5.499104361553981413e-01
7.102000548651183909e-01
5.885165658491358087e-01
8.642301380637830155e-01
2.827911255722380668e-01
5.644110117818093020e-01
5.129386172355014928e-01
8.629772350939799441e-01
1.124981593506662048e-01
3.735490254037845403e-01
6.459287846652498333e-01
6.572643515204631415e-01
2.111673082254507117e-01
9.545084640317611502e-01
4.203657858898737221e-01
4.943561465451161707e-01
7.523082201305114625e-01
1.374518810497945553e-01
9.785311007340411482e-01
4.015579695943306549e-01
5.534621122613455624e-01
1.640319983039180141e-01
2.667678080440649691e-02
3.015410069985479113e-01
4.696098411079585588e-01
5.556988297276610478e-01
6.359064698747777244e-01
7.852047297931241676e-01
9.501776923380040873e-01
9.797725483341401809e-01
1.094827429823905796e-01
6.275412631698229493e-02
7.004724511067087489e-01
4.923884610826650965e-01
7.747165541375705677e-01
2.720799362422763323e-01
7.218195101711323280e-01
8.202816560794948808e-01
9.459987063864994106e-01
9.554474262726057043e-01
1.360550138998726233e-01
9.986344801345760080e-01
2.667820407712016006e-01
1.952145555771906960e-01
4.256922825001208111e-01
5.513545421961482118e-01
5.463875942387292906e-01
5.169153263404472343e-01
8.395003692668466799e-01
2.752912880951678964e-01
9.414027375258111618e-01
3.378114010409831725e-01
2.185982826984514960e-01
8.749254020680313770e-01
7.749602863259850150e-01
5.415202375629289966e-01
6.651318627584678067e-01
9.830421592152416288e-01
4.223314771416627478e-01
4.429758870561966155e-01
8.878452172693699351e-01
4.665333125821956584e-01
4.205595254905921676e-01
5.737681117196974379e-01
6.543572714193001127e-01
7.517130713161889188e-01
1.983673614468375312e-01
2.071241247335944280e-01
7.390079805055369544e-01
7.809004587238446149e-01
9.700450215927952646e-01
3.303332322501661977e-02
8.060568993819889894e-01
2.582403548931144766e-01
1.287952161583733046e-01
5.425538136403361689e-01
1.163609084786311199e-01
1.834547652382697569e-01
6.172427393655377514e-01
2.312993756578857196e-01
3.111954254329352132e-02
9.180861174767885879e-01
9.690213581206330584e-01
3.079876185554676349e-01
8.289685653426730472e-01
9.115095704062420312e-01
4.210053996457401304e-01
8.955571307673247938e-01
9.601459231750132384e-01
7.589668761846906087e-01
1.452875635788974940e-01
3.361872170190314257e-01
6.484146297824266991e-02
4.537370130946083435e-01
5.801114476326424407e-01
9.539139800592502105e-01
8.617008483855103096e-01
1.187076918181684260e-02
5.313209112380923305e-01
9.878973130717267903e-01
1.746358967265772000e-01
1.941087342360390267e-01
8.799493548651471375e-02
1.723936529703029574e-02
1.231065311084617031e-01
7.239582746277972714e-01
7.932698618129558898e-01
1.850072246747486160e-01
3.236951410943049723e-01
7.185097456511442271e-01
9.272860730625692716e-01
5.260840126676972206e-01
3.008803977766708604e-01
7.062100788391423301e-03
1.470710589899204557e-02
7.150314035919644873e-01
5.789169129030771188e-01
5.176423677569803594e-01
8.526814585873943031e-02
4.095559652684752638e-01
1.994642979149633399e-01
3.286926116262645081e-02
8.126848965330877306e-01
9.044374326646097417e-01
2.806835651373031926e-01
6.820822142783478093e-02
2.398958319288726493e-01
2.426156993771758641e-01
7.407302697493745036e-01
5.169699664419112883e-01
3.614794420167344313e-01
6.699649807527912060e-01
9.289195706367522343e-01
3.961689809603274881e-01
5.151442997664762435e-01
4.522011458326433697e-01
2.655634676261947602e-01
9.876930678401308894e-01
7.198775677564175357e-01
8.408963513065770279e-01
1.332980639595390260e-01
9.453719409741949686e-01
8.496400413153246678e-01
3.885067117485340171e-01
4.364909269648264978e-01
4.204400300310230376e-01
3.890378765704524122e-01
3.501701186998924520e-01
8.106651032868783524e-01
1.909731555546012594e-01
3.292735365248210533e-01
1.966475006034960060e-01
8.472275081080199444e-01
5.631286192184774553e-01
4.325336334433650398e-01
6.660610998588251119e-01
7.861244560328954911e-01
3.601726094346646700e-02
7.236638684018387169e-01
3.341626977063210102e-01
4.593974539906656718e-01
4.495493583802889770e-01
5.906174599697748828e-01
9.809869641987635225e-01
8.265507491523693684e-02
8.999076679945764434e-01
5.262034957146397574e-01
5.381097893902259122e-01
9.681961205072142640e-01
7.671735578138419998e-01
4.067902844830098008e-01
7.825496989983670160e-01
7.063033704601527907e-01
1.950356847156632378e-01
3.167872023073201593e-01
2.044262380981255456e-01
2.207316467140466587e-01
5.584547388720561001e-01
4.960884345305536236e-01
6.731855012216730882e-01
8.754813864683945734e-01
4.143526338598567671e-01
5.831285268599645244e-01
6.294667411686086789e-01
8.308720981339706713e-01
5.544920691029173732e-01
9.669919362979002564e-01
9.697518230912256509e-01
5.254751988116630468e-01
4.922006982580751089e-02
5.854362648768993704e-01
8.191864159132360435e-01
7.918505505571682423e-01
6.583432023566615499e-01
9.453415639805842208e-01
9.088490370747223102e-01
7.147523281813988882e-01
7.801295374607040145e-01
2.293724821684165471e-01
1.565239199068222398e-01
3.482192797871657142e-01
4.788846445676842034e-01
7.160183493879941352e-01
7.463710810804021767e-01
5.907252996936207534e-01
8.952746381853724511e-01
8.592046258703747164e-01
1.231591048999436389e-02
8.773854861344515532e-01
3.536795103472804014e-01
2.143047360367364984e-01
3.987050334640568350e-01
1.041677802600572411e-01
1.381010174274056590e-01
9.826063574119269228e-01
3.862823204529935994e-01
9.253275724618800213e-01
8.682496212493686638e-01
9.638523280506450241e-02
4.750935055131262352e-01
5.851174631090443334e-01
4.987466515730289984e-01
7.987590051407661429e-01
2.247324763147678928e-01
7.860405555066484196e-01
2.628105975568859609e-01
1.410996332442472356e-01
5.111114757251126184e-01
2.540922422964531080e-02
4.402211689543006345e-01
2.813071509402896853e-01
4.775991611553265237e-02
4.269172052575174181e-01
8.685515147692268734e-01
4.347489148823888705e-01
9.282972947071511660e-01
2.406412573778193842e-01
4.162736444450142459e-01
6.921160830707540068e-02
9.844166536885605723e-01
4.469948533240886146e-02
9.837033310203117109e-01
1.479774147513830407e-01
4.268303983381158684e-01
5.015373075026162697e-01
6.722498848362404855e-01
6.161369025639130692e-01
6.936610635084405896e-01
5.694771387207969715e-01
2.552910700928023857e-01
7.888002051156608463e-01
7.193183272040715170e-01
3.622946191965137341e-01
7.810642056963587043e-01
9.597338191262984042e-01
4.561376320437041665e-01
3.121983062298345768e-01
4.783193576583916196e-01
7.174389709376353119e-01
2.710459467973803660e-01
9.112833538718128068e-01
5.991085441159025304e-01
7.781705862771126636e-02
3.524870673804457732e-01
8.178133619916262420e-01
6.062517252405695833e-01
1.483404466216471373e-01
8.325633251179342942e-01
5.221713020864493515e-03
7.097687851835405848e-01
5.108806799911863594e-01
6.783531530966623313e-01
8.150485070224360307e-01
6.189043321634037920e-01
3.105206013813303079e-01
3.551195726021547650e-01
3.757558449726389194e-01
8.034960564642462666e-01
9.227190639493108026e-01
7.311791336119778384e-01
2.927964376105464117e-01
3.895727293449736672e-01
4.886307355025630850e-01
5.028368971607466431e-02
3.844495413555885088e-01
8.271831467566146401e-01
1.468281948894820665e-01
1.176165181146636707e-01
6.466267756292599644e-01
5.036007988596935547e-03
9.422525566620635340e-01
1.549648049106520098e-01
9.431124823164274140e-01
6.270422869645292385e-01
5.211845650973575550e-01
9.965730596614733594e-01
6.637675423216730097e-01
7.104810649443505932e-01
1.203908073451284144e-01
1.014742583458354552e-01
1.599505450906921755e-01
1.767132700042585158e-01
9.334103603998820109e-01
3.235179730504880169e-01
7.908635512919313104e-01
2.181914365442326753e-01
6.878786029253318723e-01
1.305475443978397765e-01
5.051529579119193869e-01
6.361831803876323299e-01
1.701278700458755955e-01
3.083866734494705719e-01
6.966950054173984830e-01
6.766010306370641159e-01
3.433591534106796850e-01
6.602633660988654896e-01
5.543568156471987418e-01
1.896624057989613199e-01
9.565779841281563112e-02
9.651488898115695436e-01
2.717060530227586312e-01
1.044644830971934724e-01
1.232785952165361687e-01
8.203178724390713938e-01
1.044944729553222151e-01
3.288411052924706812e-01
6.054310283745426569e-01
7.040597251023017478e-03
6.203628995860955841e-01
3.235198054155216107e-01
5.368490866024312469e-01
9.561998499150851094e-01
5.625942030640691538e-01
1.836881644877605968e-01
6.985005069784229192e-01
8.677188909304216491e-01
3.444466075901474467e-01
4.798243214543875812e-01
8.847759867371296494e-01
1.886045659873012426e-01
3.386886370430275406e-02
9.136859617413353174e-01
3.448936566262057468e-01
4.320598090954030912e-02
6.998159979040692313e-01
7.264238155122580975e-01
7.114600862234059520e-01
9.917097792373097409e-01
3.540960412518489031e-01
2.383005904546260378e-01
6.416432227600715743e-01
2.936783912983194078e-01
9.375570992782038537e-01
5.110052622425558244e-01
4.032486855699174422e-01
2.874438204249617490e-01
1.560714396457978381e-01
4.246474964985968992e-01
8.056572922582282414e-01
9.320342515116554205e-01
2.294073029583557632e-01
1.843881384712440230e-01
4.002482813928220917e-02
4.413692405730311741e-01
1.997854922090691598e-02
9.280700124833025644e-01
3.458247605633479882e-02
6.121077280790765407e-01
1.839972621506713590e-01
2.776929659104635517e-01
9.356491812329119639e-01
3.030329722742820531e-01
1.327405219530108926e-02
2.844126684662919846e-01
7.977116727090189929e-01
4.403543080960369283e-01
7.473896454654975763e-01
3.904681911468503852e-01
6.794780783870031371e-01
6.514489317688939574e-01
6.766128903985253462e-01
2.634781014708661440e-01
1.985457849288650989e-01
8.145913302373185561e-01
7.781028980348896340e-01
5.038060229179720517e-01
6.172939700112612949e-01
8.951418218272326754e-01
6.275930687496587002e-01
3.597607634885870986e-01
2.197966623637699346e-01
1.852540824237429717e-01
1.956246640246676050e-01
8.863713201113206930e-01
6.792248865565075899e-01
1.365726814599232952e-01
8.150450514803962987e-01
8.286271110264602502e-01
7.325167045774034769e-01
4.911035273630022235e-01
2.557979814936803820e-01
3.256145231803132534e-01
6.430679911864132237e-01
4.251334426051605053e-01
3.485628663726294540e-01
6.211939094544771667e-02
9.490812353775149868e-01
6.770798326375214726e-01
2.467272360523026231e-01
6.659785573119437752e-01
2.997956068519508355e-01
6.716820818447538644e-01
8.439271788342400660e-01
1.254726182281097335e-01
7.863402097314441397e-01
9.580299862969197111e-01
5.505652518732256917e-01
7.946877651643884377e-01
3.271599077114925036e-01
1.585913466538396710e-01
2.587622019757961356e-01
8.092566719270166686e-02
5.340986912257986718e-01
4.036162967541397917e-01
1.049331429521987991e-01
5.649382427555215136e-01
6.092884904073989638e-01
9.812416291320159578e-01
7.552894424052303268e-01
3.781420350969545430e-01
7.891675325867230084e-01
1.609076722432360995e-01
2.700850810157326976e-01
8.442576531737444601e-02
4.429459280291733192e-01
5.489185631819097910e-01
7.686483821297096508e-01
3.247898507109714394e-02
6.255286150381792476e-01
4.502050388139696713e-01
1.498232943654421723e-01
5.852052466602235548e-01
7.899753738123456159e-01
7.699706838658615382e-04
2.933807260055032451e-01
3.909029129143501979e-01
8.362179812484816788e-01
9.254308543609609528e-01
2.299809715605406479e-01
8.272090866001932108e-01
5.289075326306490465e-01
2.114082315756115049e-01
5.739380261960365104e-01
1.183158519972370426e-01
2.968305126685721884e-01
6.781749488697433881e-01
5.409666474908031431e-01
8.364473987601384053e-01
7.478829089300401689e-01
8.404839662348403406e-01
7.653849612115757317e-01
1.890244256369031373e-01
1.006863654811729347e-01
5.778956259073884105e-01
6.344212725882926174e-01
9.762656871103787548e-01
3.235750082794250915e-01
3.840487339385212362e-02
8.382204308224353584e-01
2.675896824721912814e-03
2.546553805489654154e-01
6.172703711883265054e-02
4.879804284920334911e-01
3.497569905885777874e-01
1.042160552289194131e-01
9.253518466087117256e-01
9.932398669954467518e-02
8.666935571045425446e-01
1.821805367081913429e-01
9.694886379350320382e-01
4.477571216869954407e-01
4.424247186570919865e-01
6.333547972600265252e-01
9.738652545764706625e-01
5.634795174096126624e-01
6.648228453583360231e-01
8.716112790783487885e-01
4.222396420570845299e-01
8.925483283800937917e-01
4.599509503477258177e-01
7.113514431912479896e-01
2.352884553505891763e-01
6.071581782125127225e-01
9.417641155350172655e-01
2.817343507247827006e-03
2.053309147073981711e-01
9.183960448974212154e-01
6.356891500836612252e-01
2.898597034400025585e-01
2.619122732206108362e-01
2.453690245588361352e-01
5.112978780811148205e-01
1.644508321781010807e-01
9.982305674185817379e-01
7.339059245330804560e-01
9.344696980256465002e-01
9.108597125048043530e-01
4.800273506248492472e-01
5.163956857876287332e-01
7.666472297030860750e-01
9.441039494092469120e-01
2.664204595253357732e-01
4.735094010498552830e-01
8.784573410800858850e-01
9.227380014450392576e-01
6.833666168470116098e-01
5.556196679203908584e-01
1.450293702561489262e-01
7.300477479566908068e-01
2.206180699377535692e-01
3.750357658700542718e-02
1.345519510705753818e-01
1.683518933778054283e-01
9.026922504851206952e-01
5.262250743600215275e-01
3.422207576503396576e-01
4.871064574991501583e-02
3.711720760111389961e-01
9.910777740411184089e-01
4.391036066776768942e-01
5.641943662002967264e-01
7.506305278920344382e-01
1.849338471535093564e-01
2.145244083466198992e-01
9.845716456077354684e-01
7.658178560181174710e-01
4.691841616510512569e-01
2.884957496533426813e-01
3.010552551469779514e-01
8.859063994537502706e-01
9.580381170237355359e-01
3.453379475251229236e-01
1.805505261346097567e-01
5.198458180307879983e-01
9.549479802296956255e-01
8.952836476676975241e-01
8.338954178145622231e-01
3.868536667886366409e-01
9.746061092792507319e-01
