7.984739450202308353e-01
6.591071507478271085e-01
1.215058405799392949e-01
2.496794783593681011e-01
7.614550673518143409e-01
4.674293853531852339e-01
2.703821070138232585e-01
6.029263793128727400e-01
5.107913929988620039e-01
8.834935928290252871e-01
9.297756981421555489e-01
8.481940546318810226e-01
4.336931864126167824e-01
3.167626117953526999e-01
9.355355503465552225e-01
5.218835482132052617e-01
8.810481249058843556e-02
7.230235755857402635e-01
6.605867168258749977e-01
2.632228707959274328e-01
4.553154199797800894e-01
1.133743841735812552e-04
7.311871710178927675e-01
5.265955016441453695e-01
9.537120186162403312e-01
4.424459846369488414e-02
9.005098153944512962e-02
1.059057332335917589e-01
2.046379026558886594e-01
9.214595970418402171e-01
5.197738627819714630e-01
8.875102950001860780e-01
2.943535887074532065e-01
9.656233202700122975e-01
3.077555289171141073e-01
2.426594432840671889e-01
1.773127303802376487e-01
6.987550827215328608e-01
3.231800622068069506e-01
9.004817662405898426e-01
2.449257518936733824e-01
1.591351843688483259e-01
9.985432697725158402e-01
4.985442482819538723e-01
7.753337411120638789e-01
1.666961929923949093e-02
3.505693405409970875e-02
2.792663196672582337e-01
3.499670737871469761e-01
6.426632209185073608e-01
3.150883696212223306e-01
3.730631546889510153e-01
3.101829059774826591e-01
9.458896403495287153e-01
2.401484674503217009e-01
7.268174352986068731e-01
2.005803512291143287e-01
2.127946402387840275e-01
7.074845364429049877e-01
2.999906958715123917e-01
6.113289707907200166e-01
4.435236172674887900e-01
9.011054630871248028e-01
6.729187729461884038e-01
6.099941951579587185e-01
5.873968984849453623e-01
8.669007945775376589e-01
3.869254872425057501e-01
5.338396889620934394e-01
1.056299946506286114e-01
4.577239449853455211e-01
6.055171876490094141e-01
1.167480438884661575e-01
5.072486944295169220e-01
8.163898051313882576e-01
7.944223417423235123e-01
6.537359912454141497e-01
5.849590719390348470e-01
4.628664347808444379e-01
6.367543971311673268e-03
6.824248840056482690e-01
3.032035609312759838e-01
7.942143958491024724e-01
6.014462670608503592e-01
4.013804794951335575e-01
8.710944033190574087e-01
3.677595962156654519e-01
9.334335647793471358e-01
8.119617094764260967e-01
9.006274597943609850e-01
7.693112421831544978e-01
6.283498682196991814e-01
7.293243273841578667e-01
6.775698272289010227e-01
6.025347365256471521e-01
8.480642903371768959e-01
7.379643595091233133e-01
7.712709041628287299e-01
3.876486197990928195e-01
7.704432054655624418e-01
7.963832377605296609e-01
9.229189357303022589e-01
1.031607086351783442e-01
4.135115985149863116e-01
9.224085152395351539e-01
4.209193552956883577e-01
3.382272420400789237e-01
6.463198183985101597e-01
6.832622574340566635e-01
4.109237559641946147e-01
1.797839958630750301e-01
5.727604992614170332e-01
6.935104372475439094e-01
3.447291281114173156e-02
3.692264929351360969e-01
5.033996385425220099e-01
1.204754844417516013e-01
6.843843348343747746e-02
6.152664158040326292e-01
3.353699507566015869e-01
4.101717339698385256e-02
3.831637629809573342e-01
7.332770213286365912e-02
6.845103978744682127e-02
5.507080882106049069e-01
2.725913034968320270e-01
6.312981157023102030e-01
9.561078548149627432e-01
9.285191466218861711e-01
2.740269128381606079e-01
3.213101677787747468e-01
4.482482748374481130e-01
5.880844675162764101e-01
7.510613105972585579e-01
1.232842020575870556e-01
2.423331039058035374e-01
5.435235599020238340e-02
8.916127547745892334e-01
6.290786140326274367e-01
4.080023311276763653e-01
7.618889873836057758e-01
4.793586835933849599e-02
6.509893141843882125e-01
9.528924525249001798e-01
3.728714839197452280e-01
6.088617352229510615e-01
3.595221969866118084e-01
3.852191130169446698e-01
4.770401564264408201e-01
6.212077356886536172e-01
6.257820626286916266e-01
2.845997411946559197e-01
9.352423080838384584e-01
9.094307989974188544e-01
3.845683115093059268e-01
3.014558377126257405e-01
9.685856583399199415e-02
8.758083784373206226e-01
1.732210550447690345e-01
2.638708728777544588e-01
7.652974144799888911e-01
5.613255626012843003e-01
4.053748132635409673e-01
4.171913435994187846e-01
2.654932898269491970e-01
9.870555027893599398e-01
4.471318890989358641e-01
3.792059755918921748e-01
5.314368175562788066e-01
9.528476134985744972e-01
7.283830350263764686e-01
7.138499132837736738e-01
4.527402043060527737e-01
1.565661788271608401e-01
1.480630803295838183e-01
8.723441857026423829e-01
4.477505312268829085e-01
6.007048826903543803e-01
3.438386202461468644e-01
4.496649086732967815e-01
4.308535826903211463e-01
9.571656372428956061e-01
8.963542560930872760e-01
7.085067421222018824e-01
7.258769830898469388e-01
9.680893107091034233e-01
7.929551476250548125e-01
1.224829322917854180e-01
9.149450507306366998e-01
4.930220041121107233e-01
5.455214630540660137e-01
1.151604884497881010e-01
2.161402468896649331e-01
1.328594026437125430e-01
9.852420730361166612e-01
6.106632280032164850e-01
7.294722725089564097e-01
6.925970253952835609e-01
5.826078370771080595e-01
5.204351917245565451e-01
6.862085345864897823e-01
2.965165424976504704e-01
6.705520199181088659e-01
4.196114596547114717e-01
6.107027987279235459e-01
1.447157314592526500e-01
8.298242504482565840e-01
9.453977139071586544e-01
4.099700009507110110e-01
9.473356152245748785e-01
8.654012277146264642e-01
9.151909385875177660e-01
7.228150357723751585e-01
6.941652281929628909e-01
1.996621106482907582e-01
4.351785249193906857e-01
9.350951562429079544e-01
6.817688339517986584e-01
9.656772995231753809e-01
4.046184215049594135e-01
6.451228870163434603e-01
4.008632883622248455e-01
6.780306091956793679e-01
4.340458580772217356e-01
3.429150122141768620e-01
3.820277942622775091e-01
5.796505030055064678e-01
3.819905842081133818e-01
8.197143968840359118e-02
9.618474269905148422e-01
8.108948316510686816e-01
6.040770056688911094e-01
5.888199727962086794e-01
6.188268918517507711e-01
1.477674720015772492e-01
1.370829593951850001e-02
4.342253142838481406e-01
7.145360357005696716e-01
8.599307081948781573e-02
3.439831619626654291e-02
7.802186642343185152e-01
8.630798220607799331e-01
6.605799472394934257e-01
2.826302083785299235e-01
3.389427402481896001e-01
1.000787610562861030e-01
6.251830648587490824e-01
6.566836362801216076e-01
7.741002032398202060e-01
6.835620912611226618e-01
4.431460896275337680e-01
1.861459641952634136e-02
8.650800078981103480e-01
2.225912702254980724e-01
3.062231507019241850e-01
8.410077994347757713e-01
9.285291916978974935e-01
6.439662901354907820e-01
8.490092926924308614e-02
6.762138418588982125e-01
7.427830767730855266e-01
7.959021998330970682e-01
6.932446254711170930e-01
9.231739712407687204e-01
4.661211063948444977e-02
6.970795463872392350e-01
2.454263438448838208e-01
5.218771280921224998e-01
3.468250497549107969e-02
1.039144390756145953e-01
6.287126345129979699e-01
4.584371816457608606e-01
4.367983078294415122e-01
3.738746792448649492e-01
5.462262727767267512e-01
5.854855693459415367e-01
9.495753164674519686e-01
6.347741786709029110e-01
7.416298866177952753e-01
8.219607473183465629e-01
9.844658495092433181e-01
2.920526295428460539e-02
3.162684028880494713e-01
8.271833951092621984e-02
1.379551400695686603e-01
1.142066253992629621e-01
7.242691475312834637e-01
6.552226726605360208e-01
7.363121594222650224e-01
6.438169411350064264e-01
7.105472157314701720e-01
4.497763699906620616e-01
2.506645450924527285e-02
1.671320639676838748e-01
8.810319210910945165e-01
8.441538555444422220e-01
6.700640016398228260e-01
1.622500734004314049e-01
3.284129343589902161e-01
4.089523446958988062e-01
3.175788744398564400e-01
9.359740876631498230e-01
6.380623339189857024e-01
9.970362141519156784e-01
3.802795270102750091e-01
6.513015131610897512e-01
7.231460885190746923e-01
5.518347351538704926e-01
7.594393187089094610e-01
4.229221360179983291e-01
2.958428306417459908e-03
9.423965410834781453e-01
2.986986026271665207e-01
5.498588017324435029e-02
1.555315829083068202e-01
3.280936588089170547e-01
4.853344536521646546e-01
4.347030827835648426e-01
2.832992168928958332e-01
8.135825776352427763e-01
5.974445562149089950e-01
5.589905100675862659e-01
3.058036867845470574e-01
3.801439301044887698e-01
2.239766661120211610e-01
8.073162456712742463e-01
2.729523388084212909e-01
3.197336187854528111e-01
8.836568641010883463e-01
4.791465162254160415e-01
2.552009494617126784e-01
9.316638804336051516e-01
3.860761521302328303e-01
8.152831249328611474e-01
2.931604247335158897e-01
9.821451738533715226e-01
5.028315708108445081e-01
8.884712569976089824e-01
1.963221677877452498e-01
3.501423207157866591e-01
3.803470874133386692e-01
2.636569263925828688e-01
7.696828172653130684e-01
2.876104435307503815e-01
4.012812502846124785e-01
7.882701477660867262e-01
1.893120159614768427e-01
7.982542858158909738e-01
1.021881175197743019e-01
9.641893449769350921e-01
6.467330886498674491e-01
2.651544055467248695e-01
5.559491660608958385e-01
7.866617233862185365e-01
1.967740186237550981e-01
8.144058044603247337e-01
2.257972221363592213e-01
7.948283842577255065e-01
9.714930236575788358e-01
9.664915093984400851e-01
4.376305628337010534e-01
7.943933711709615375e-01
9.819835767659084169e-01
1.612353732663046602e-01
8.553439818808561412e-02
9.494582022354811635e-01
8.614664029716501137e-02
9.546641825313134655e-01
7.302145329412651487e-01
7.651887276479848454e-01
7.784831754110335122e-01
9.951841864279310501e-01
8.603051267075991770e-01
3.393082675837328921e-01
6.138754025620433152e-01
9.538257242607495190e-01
9.700039973031842067e-01
2.303385949168563762e-01
5.711034270419539371e-01
5.570256485086795273e-01
6.376698069972980276e-01
8.114965346526826773e-01
1.895524216090002101e-01
6.476687805720484636e-01
2.729573360142820704e-01
1.962352545143530858e-02
4.834668211403259086e-01
7.607819535743299832e-01
1.583043314064812579e-01
9.341809213815340796e-01
8.543688882557999298e-01
2.723748459913947206e-01
8.498089901765315535e-01
2.719922374662726572e-01
4.368403015873209005e-01
1.480794564366358923e-01
1.065587507980151338e-01
8.972294156208071580e-02
4.927224411562830531e-01
4.419247689549513636e-01
2.291916308934833779e-01
3.464261647058424209e-01
5.682233702139305453e-02
7.321537832263392831e-01
9.280922464622781698e-01
5.422626160575098053e-01
8.879983161699686045e-01
8.488611272817868647e-01
9.768522446781959800e-01
2.651716194879022437e-01
4.967567900214020504e-01
5.826364593833063266e-01
1.462521997698772447e-01
1.356977615064094422e-01
7.910974382837961949e-01
4.449643250852656218e-01
7.518381555224195045e-01
9.981633457180361102e-01
5.562509982058859714e-01
6.865897129945627286e-01
9.888361224189166077e-01
6.607163759005317827e-01
9.729160408656434278e-02
5.981655572085334827e-01
6.285831546080212773e-01
2.678527314598121434e-01
7.174610882648339016e-01
6.615110893049256369e-01
7.966722684259808229e-01
3.678282230395972796e-01
2.890805234374539401e-01
1.231305271602375351e-01
4.295844354847911939e-01
6.723828538220016915e-01
3.893666635978393353e-01
8.562708782174766053e-02
3.578278451843407426e-01
3.359939261170864500e-01
3.176743122286295185e-01
6.620844973779224096e-01
7.116477574058932554e-01
2.796536745778932520e-02
8.017384216132756869e-01
6.002201896185288543e-02
6.186805709556765231e-01
3.837804151967334487e-01
5.838805706107539351e-01
4.422001124471993672e-01
7.954748531872711803e-01
1.941696929069043343e-01
9.777648780651397864e-01
4.824798624606868591e-01
1.209937378656140705e-01
8.557235285599705810e-01
9.230961501957068993e-01
6.025183931967020845e-01
1.077819474775920661e-02
4.650495753226613349e-01
4.634002583408315390e-01
7.446146828783739569e-01
2.983094723818213723e-01
4.048546444349343520e-01
4.262519595370439784e-01
8.477171513255786772e-01
7.346839835873855140e-01
6.722104069159954287e-01
4.238229468776797404e-01
9.392372316101814667e-01
2.973224837584504954e-01
9.005468576687825077e-03
9.486017479772821392e-01
2.875775386206136375e-01
5.487623609303626804e-02
4.153770470819970750e-01
3.707669668803347252e-01
5.433683510100241199e-01
3.003414634422757468e-01
5.705000169010366884e-01
5.264203635924332714e-01
8.914005654104726339e-01
2.394310150271184989e-01
1.200842394633359067e-01
7.857607382156369669e-01
5.732187807513869915e-01
1.669801570826499049e-01
4.447569743665445996e-01
7.703984037091881065e-01
5.035277682662016030e-01
8.856664464578362095e-01
7.562516787461154300e-01
4.211094976874775186e-01
1.373261392970961392e-01
4.616821954341685519e-01
6.098275531008552353e-01
3.762171418801373290e-01
8.173022911440472882e-01
5.690489848609302515e-01
4.269868002579568778e-02
8.619957812163902000e-01
1.474734390923733152e-01
6.965347728364926772e-01
1.559802965406881237e-01
6.530883841142662849e-01
8.171912039579657394e-01
3.206272971126427063e-01
6.863706951682595481e-01
6.384533622399487518e-01
3.103595852946947620e-01
3.368660428455078071e-01
2.159276765401421105e-01
5.167028992829465484e-01
3.622280234530950160e-01
1.178599324635456469e-01
6.735505013406584141e-04
9.465428082188042103e-01
6.870910797465685782e-01
2.630309314445011815e-02
8.186227976502249426e-01
3.387250163038001416e-01
2.980734519590469978e-01
7.275796774514156073e-01
1.754945739215035827e-01
6.736313506795172934e-01
9.506821203840294388e-01
1.089652412086143940e-01
1.346767428221202767e-01
1.435833735899351149e-01
3.748174804203929789e-02
5.260092774457927334e-01
1.425514903848532633e-01
6.221373185794004668e-01
5.890657168663830934e-01
8.152528401680926295e-01
8.982009278722697942e-01
5.738499273209760609e-01
9.101418132753903434e-01
9.840892529683902268e-01
7.509252063889582107e-02
2.975340434164807091e-01
7.426253027350649960e-01
3.462897829775178904e-01
5.818050576452765688e-01
9.089628016069664085e-01
8.547677967550966205e-01
4.163128728128597800e-01
8.717402879321218823e-01
1.355012727320603627e-01
2.115126585105039370e-01
2.207557945124272170e-02
5.323956840968524507e-01
6.044407232918915795e-01
6.946932802642539206e-01
4.496897608650777256e-01
5.329981910181734728e-01
2.454175395835697104e-01
6.765392193984698377e-01
6.556646004909221226e-01
1.494456339457139737e-01
7.195333653703788190e-01
3.500385387756212996e-01
9.128421037935907645e-01
2.689973012523378948e-01
7.133069821476556438e-01
9.423405399164157537e-01
6.332145502218952116e-01
3.967909204727483319e-01
2.620369515902102320e-01
6.936955407054887779e-01
3.554301902730545581e-01
1.666437461638625717e-01
3.200170724871156391e-01
9.580840829101587852e-01
6.525996435698843134e-01
9.040632751287110969e-01
4.072309341081311596e-01
2.070866787571934431e-02
4.409127355018224170e-01
2.467881473912160173e-01
4.454240375823516063e-01
3.110109721531162386e-02
3.530428613227947210e-01
7.378773660824727854e-01
5.072155689719886063e-01
8.187794062017009766e-01
9.483920427517350538e-01
4.037091049715197943e-01
6.167047995115527703e-01
7.139487460984798028e-01
2.580039199454167154e-01
1.038301036594531102e-01
7.876185732822009733e-01
8.258085918038317041e-01
1.945893990950892105e-01
8.124310464719798341e-01
7.522582511050245335e-01
7.100016869702114874e-01
6.984914939981804460e-01
2.758996108249737178e-01
8.201073532334648419e-01
9.028025960791575821e-01
5.919711618468325165e-01
4.785123008634132313e-01
1.711530867255992572e-01
3.230033416736100005e-02
8.510502552998503445e-01
8.171736463200002243e-01
2.895553945311440946e-01
8.799525593174895022e-01
6.472251968041182746e-01
4.866583675294529066e-01
5.906202142235215113e-01
5.683886533570395860e-01
4.871619628062325846e-01
1.399355686345788996e-01
1.255138053553939148e-02
9.310739388339865918e-01
8.115749343476371669e-01
1.283381008403972068e-01
3.322924091979683192e-01
9.107115406674550773e-01
3.320459389786466486e-01
7.848576575703674063e-01
4.939421045307219593e-01
4.722186044718664766e-01
2.314072730235902098e-01
1.457603473363821012e-01
3.905259110998956507e-01
9.323617604828277061e-01
9.572570040442819339e-01
1.607869207944976342e-01
5.168747671848461511e-01
3.965306581630448912e-01
7.408540819318376602e-01
8.039849299600895227e-01
3.472101325740367672e-01
5.439609703927750228e-02
3.986170300191722582e-01
5.520458035105906269e-01
4.744624558288332850e-01
1.527040202270919522e-01
9.881740984381122139e-01
9.030576983783062950e-01
3.631710067899035499e-01
3.853824591749749340e-01
5.163908027255175170e-01
1.093050227968306309e-02
1.445129141043202115e-01
6.382649212971119868e-01
9.646770493070905284e-01
2.770927005485712691e-02
5.657392704827602925e-01
8.334786996582049801e-01
3.012627217851356898e-01
7.831304583352030058e-01
3.477217810545440990e-02
1.721867304831128376e-01
5.880825127829034660e-01
1.822491857591520548e-01
9.058212717038879314e-01
7.188083289087754402e-01
4.513490220011516785e-01
5.069169685475690690e-01
7.272782083962843203e-01
7.487029982475944534e-01
1.259687263935458379e-01
7.028477303665667808e-01
1.487620033120780061e-01
5.704359166908610224e-01
7.590184644029680516e-01
9.085492494093934113e-01
3.589841703372220749e-02
3.300017867684539308e-01
8.635846434638002611e-01
8.884858594784041941e-01
6.091041551242450947e-01
5.461110091157107549e-01
4.726358540102351125e-01
4.048728070989585648e-01
1.209631202001059114e-01
8.371734814132043567e-01
3.023106445604819559e-01
2.072832557415374977e-01
1.964955541902226877e-01
6.049140790385768574e-01
8.256590265146842578e-01
6.263182337118899934e-01
6.671610479490761580e-01
4.373077941587960593e-01
6.984684705991347498e-01
3.109446911241525724e-01
3.597890901499042338e-01
7.405979846071895079e-01
1.015494917140001840e-01
5.430771465759173244e-01
4.999829817671286314e-02
9.678717432690525646e-01
9.310156702866796419e-01
4.235344395359245118e-01
4.735382895121242885e-02
9.267522467849166334e-01
4.448976996770463987e-01
3.354617728423149314e-01
7.245137452606804640e-01
1.948757450240735656e-01
1.881427736328719069e-01
3.849865050849895498e-01
1.221954505306183103e-01
3.554061574848333960e-01
9.743762258384131014e-01
1.512806039745828723e-02
5.318707785081078221e-02
4.018900944680382503e-01
1.265862789579912384e-01
9.017556303634722825e-01
9.116296005939877878e-01
3.913083606566474248e-01
1.480985774156269308e-01
5.261431228309420005e-01
8.760382031318638685e-01
6.033462011825385662e-01
8.922031049569287831e-01
1.917456073181326159e-01
4.040629757614147000e-01
1.000212495361807452e-02
8.606391967001969512e-02
2.512605691001672525e-01
9.816106119286016618e-01
5.156554842050126153e-01
6.090884370509405121e-01
5.438966970128256140e-02
5.482438689340263238e-01
2.647997160695186869e-01
3.737652853104231898e-01
4.734244270935316079e-01
7.294663098889272446e-01
2.458946590625354922e-01
2.821510864825611531e-01
5.308766987828390516e-01
4.296379740001115000e-01
7.915073421166965995e-01
9.187013145441750295e-01
5.347053538928939753e-01
7.326440340185531586e-01
2.522241540535734572e-01
5.496348030657283168e-01
1.213188749992855087e-01
6.263914670931368667e-01
2.567104843759734356e-01
8.152801994088453297e-01
8.106724880211282347e-01
5.069959831529611272e-01
1.334899988993688558e-01
6.607083563169341422e-01
4.325711232444406917e-01
1.886942250785594855e-02
6.456896298834819969e-01
2.073775510549502599e-01
9.736611897132962934e-01
2.812020363467561124e-01
7.926821210012655605e-01
8.804983225353535392e-02
8.605778125700291881e-01
3.900228807232436479e-01
6.492013585597475878e-01
1.009625142826409139e-02
7.826819211864571857e-01
1.767988554679698066e-01
5.111493979409008626e-01
2.833560468765172757e-01
5.279640516733389299e-01
1.724207150503385133e-01
1.211871596245572835e-02
8.803003817218130189e-01
6.029982184114494048e-01
6.264951785060489664e-01
4.267750516761570356e-02
6.407292018298113012e-01
6.129514188129060459e-01
8.287841450071598004e-02
9.233906456619008774e-01
9.707747676051164953e-01
5.038757342230110181e-01
4.527479280053486876e-01
9.529891434465153077e-01
6.829511307933108233e-01
9.008084405574291464e-01
3.476815519423831491e-01
7.909600954805795503e-01
6.244212448848323049e-01
9.290436149943424038e-01
9.684951634827770883e-01
8.972943597676596994e-01
6.359221870540234800e-01
7.022895114256044735e-01
4.872515735097530110e-01
5.306086802851177620e-01
7.706177214704236222e-01
5.838522729172033188e-01
5.904098137246064359e-01
3.932266930343192302e-01
4.155340407156948856e-02
3.837126493220319734e-01
6.385469891484828464e-01
5.147634615123758417e-01
4.323112217532387724e-02
8.488229484843328176e-01
3.994761383168887736e-02
8.441871611490423533e-01
6.367475742338605249e-01
4.703802478749304905e-01
1.991454351261129352e-01
1.192175609114335399e-01
1.259887468110352238e-01
6.750085808249580710e-01
4.435266309122849471e-01
6.903735727099212793e-01
2.868323334809520508e-01
5.176725008465682398e-01
8.886974424118050386e-01
1.796553291892617477e-01
7.700136874113894248e-02
2.777849085303765175e-01
7.724913986826598133e-01
7.392278053028490392e-01
4.395554037531095304e-01
4.910494087745007619e-01
5.768504126979252522e-01
3.645477954662514897e-01
9.481305327194705646e-01
9.581496068792627607e-01
8.331534599586375434e-01
4.031583959648247228e-01
2.444885857185118416e-01
2.204205997016576157e-01
2.965018226075988306e-01
3.025879988618515037e-01
9.205075672115626828e-01
2.933769320983047324e-01
1.946624256533910913e-01
3.890103094761049318e-01
9.644544118608817662e-01
2.798257465227025342e-01
3.290703256387293996e-01
2.584575688852774888e-01
8.946495615256934153e-01
7.283932738087950387e-01
9.294748561798891195e-01
4.576940579519592767e-01
7.070780128871062553e-01
9.344401313589114633e-01
4.536288365766216746e-01
1.505898455493703825e-01
6.595323135361883526e-01
8.008310677357175500e-01
9.982706667011798096e-01
2.816787243306078103e-01
2.733619498077459742e-01
1.857993414770515717e-01
5.749416615125372276e-01
2.602904951660193200e-01
2.422315127770203746e-01
3.105718184243063673e-01
1.680318153206334930e-01
2.986886279344140860e-01
3.365112672986029230e-01
1.054978666822714573e-01
5.009329132849786870e-01
4.934609563523699727e-01
6.452284103372574187e-02
5.407001589319332391e-01
9.991394157268569387e-01
5.361783752227557986e-01
1.574385009579977179e-01
5.665655225366463821e-01
2.963418721760309182e-01
5.843955936253212302e-01
3.582238339309583575e-01
2.457592802949146726e-01
9.160978960827803608e-02
8.842693082195134391e-01
8.447510418463033410e-01
4.790281115315360161e-01
9.660923453783402115e-01
3.938925864176158198e-01
9.848645963870793496e-01
2.858061923163849327e-01
4.503733689670874618e-01
3.569099644657905968e-01
3.776870252959584340e-01
5.050615385039276539e-01
1.535673421633857449e-01
1.991046280224939569e-01
6.008951008651183257e-01
4.650501305166374610e-01
5.868544340037524787e-01
8.996866575273151367e-01
6.986787040934705484e-02
7.585383285654744290e-01
6.051303927472945210e-01
8.353608363633703293e-01
7.284958200295073016e-01
8.395063657560889459e-01
4.347001821905981389e-01
5.968044178076650219e-01
6.514000979082312792e-02
3.159844349252534101e-01
4.127193939997968464e-01
9.095363481846643339e-01
2.306212628585031510e-01
6.532329209389446945e-01
2.185955470418718960e-01
7.168554623876812748e-01
2.710085639154755643e-01
2.953563431220216362e-01
2.282493257319144764e-01
6.136281451657105146e-01
8.439711286252629119e-01
9.638924319524666551e-02
2.101020701596615359e-01
8.077633612017376397e-01
8.659760605675270728e-01
8.206815522609032243e-01
3.628013783398420511e-01
2.021877788101021922e-01
1.170986740325005160e-01
4.811205167375230962e-01
8.753681111782695146e-01
8.007663566153910839e-02
3.464200339625633784e-01
3.279464953626173296e-01
7.744531085508241652e-01
3.776126724039363669e-01
5.820145961072147323e-01
2.150994428608045128e-01
7.290751538922457531e-01
7.231011410981413867e-02
3.371621169942601304e-01
4.991271774733924138e-01
2.043142409348381872e-01
5.677780483660026523e-01
6.181459013726535723e-01
4.103678388053255688e-02
7.730113362465840243e-01
4.729327164483884127e-01
4.681762024653138843e-01
5.674981062775001917e-01
3.552222271529044129e-01
1.362181090563658881e-01
2.319775793160666622e-01
2.669815962253672126e-01
8.287937933074982499e-01
6.479285012836232260e-01
4.565437979795203827e-01
8.520541847534105484e-01
9.828770637019623724e-02
1.791145518843261231e-01
2.509181109757929740e-01
8.955196410780413840e-01
5.637533717375949882e-01
2.527029916288158207e-01
4.108198963001383763e-01
7.611939388183770472e-01
3.632672846408372402e-01
7.915940696095528084e-01
2.726614583680760928e-01
8.288398750383230151e-01
4.554275975023883705e-01
7.600796420166485712e-01
9.142820087197394141e-01
8.518554618227426323e-01
1.177381334592403350e-01
8.514332544039721062e-01
7.982504696519316933e-01
7.603213699388613467e-01
2.131630426134488721e-01
6.071673479435349963e-01
6.152582707397725725e-01
2.477323779021846084e-01
6.576791678034149546e-01
2.421404791781101018e-01
6.205580669397561255e-01
5.118546710289693102e-01
6.937235082050499102e-01
2.648905279189471829e-01
4.757866799761411025e-01
5.437848554635797971e-01
9.389927499790494680e-01
4.994974988436317043e-01
6.983489600652801332e-01
2.468866927308988046e-02
3.441433791521043561e-01
6.852264071871050355e-02
6.049614766029757229e-01
9.688206989793568535e-02
1.558435480134600093e-01
4.597698488502661718e-01
1.432295648447512448e-01
8.116426297975918303e-01
1.092967325433608083e-01
6.117366513852596777e-01
1.158458559734942828e-02
4.916300975521974426e-01
4.772559226150668854e-01
6.100736560573238876e-01
5.127369461603192846e-02
7.275254719291288641e-01
2.008415749826867325e-01
4.577968134326708682e-01
3.158372293098907768e-01
4.273771680880854573e-01
3.227158154235488796e-01
9.036262895549835861e-01
3.124021960504511641e-01
8.137840948145587117e-01
7.692694424115776863e-01
6.819115006347679087e-01
1.669692109154110593e-01
6.055524158282268310e-01
7.672179797438940518e-01
7.080549169744039251e-01
3.533299428712305401e-01
3.378338867837785697e-01
8.582391424082311815e-01
1.535851156072933765e-01
8.953592167303896510e-01
2.262143628585988608e-02
2.959671025335360861e-01
7.841350175760462005e-01
4.087727119134939580e-01
9.605024826364888524e-01
9.625803292210793893e-01
4.956645062629605469e-01
3.721022306863009943e-01
9.327386577848300053e-01
9.955293099294310055e-01
4.127828075548977127e-01
6.559584911571917365e-01
6.701089509013899992e-01
4.810854866940772467e-02
9.606551925257065250e-01
6.226458724462935468e-02
6.746230689707543027e-01
4.701334210044973982e-01
2.130703724201818972e-01
9.169928412978429755e-01
2.249567954706443995e-01
6.145446741888427322e-01
2.365481715988271283e-02
7.033985896775911684e-01
2.847164994997278820e-01
7.819356898699668657e-01
5.890107017294450298e-01
6.829292952406085249e-04
8.210091103752504837e-01
1.494828434580204313e-01
8.170110991180260518e-01
4.393920264159028033e-01
4.786841998739355120e-02
1.179017855729572739e-01
7.880076136423308508e-01
4.292450348489236234e-01
5.292009855577751720e-01
3.938697412743116244e-01
4.368424458621982254e-01
5.344397845718874551e-01
9.112955981461161592e-01
4.757324748257746316e-01
1.633979464166861462e-01
9.062281823081991261e-01
1.922909669402176336e-01
4.313792951081865112e-01
7.671207071761003693e-01
4.127164573899871902e-01
5.571436292250478983e-01
5.600926337990091985e-01
9.562647558056122099e-01
6.501202421134689713e-01
9.294421987118752781e-01
8.141178735944653022e-01
3.854587534071136634e-01
5.113046437220957197e-01
3.302928318905183902e-01
7.806454187881329831e-01
8.044158081082914968e-01
6.622429934255791295e-01
9.772116335998620729e-01
6.135975192279730095e-01
8.700030176830950701e-01
5.749493987266128814e-01
4.374482995910605743e-01
5.368083615832832667e-01
8.135222171841413052e-01
8.677258979390867211e-02
2.498153075335731721e-01
7.899050196180725791e-01
9.197764525097860133e-01
8.904091586785811696e-02
3.235797091033594253e-01
8.566890452260191857e-01
3.344672965753651139e-01
9.045239929501747156e-01
2.943765600283407835e-01
7.668613642803279173e-02
5.803857339523711412e-01
9.287848928137328874e-01
8.427460014821673839e-01
2.858256058008193934e-01
2.840142511985119800e-01
4.282220131224379056e-02
6.327855605305436892e-01
5.991518553604826547e-01
9.189036690986183142e-01
3.595415587680241831e-01
2.826409135698115804e-02
8.193047622363724969e-01
7.942600226205543956e-01
7.485952241889359815e-02
2.377557182980938322e-01
7.732734780325350998e-01
4.395049912134048054e-01
2.016802137803639372e-01
8.774288541074546366e-01
2.101680639153117314e-01
7.669093073229732438e-01
8.550697601049364049e-01
4.435244696745593851e-01
3.250024953778326564e-01
3.577833629653813796e-01
9.670948227146813903e-01
1.736055416498263337e-01
7.097823852893631047e-01
5.821763748599926291e-01
8.469044666498432017e-01
9.825502544754245449e-01
5.398471131704954962e-01
1.496335063465237258e-02
2.757901189170383072e-01
3.205075775828305495e-01
5.376895475477720954e-01
3.040040827317209704e-01
2.632705938292732029e-01
4.707666469339192306e-01
6.713148806120241563e-01
7.226892782262361870e-02
7.559258001444122410e-01
7.871674715482515072e-01
5.609153346851388777e-01
8.980417889445223567e-01
6.854751695101546360e-02
2.652762249635840508e-01
7.533672416434944452e-02
8.029963256271921423e-02
7.599071377568050734e-01
6.763349183663134312e-01
8.842623346750023705e-01
4.486106699440735035e-01
5.495631161098094575e-01
4.691549475536944680e-01
8.488098255775090584e-01
5.114046963899563369e-01
1.598899447003842011e-01
6.064244127527718131e-02
9.746915318106483817e-01
4.215258726896053965e-02
9.780599793650828211e-01
9.751928155982139135e-01
4.083912825620158449e-01
5.726708002464915293e-01
5.425352067267067424e-01
5.317536277460175320e-01
5.037927042957934809e-01
8.338497029161623386e-01
9.362833971243168518e-01
5.012261520201801712e-01
1.413480009454315400e-01
2.553281355586878298e-02
1.311841451773800848e-01
5.310667140403377839e-01
3.771164943418796600e-01
5.266237687482917540e-01
2.525873174323018944e-01
7.420929521878567581e-01
2.859214639939234859e-01
8.872581833374353355e-01
1.378432414191893551e-01
1.362349022758692074e-01
4.090635021513641112e-01
1.038396662120909530e-01
9.401178071129543401e-01
6.460465924996489084e-01
5.521646427481359254e-01
6.994891022659255331e-02
9.542416062124692289e-02
6.651978626528893823e-01
6.674192475013446257e-01
7.769449469799388774e-01
2.848544074956168570e-01
5.241228005235474274e-01
3.896783177058206205e-01
6.467593085654623764e-01
8.984222642552932570e-01
1.954126066524835004e-01
7.443506466529787868e-01
5.450864443530989423e-01
1.920437859759781540e-01
9.672978042036121105e-01
5.275565320659848512e-01
2.490193396803130899e-02
2.271968329625783101e-01
8.458073413843059107e-01
8.304735244071151934e-01
3.768504544601745110e-01
7.783937062065799939e-01
9.965643316687410325e-01
5.156498794997641522e-01
5.400940039238815160e-01
2.639615710632413625e-01
3.961284903749470176e-01
2.355309235556584113e-01
6.743824092512912260e-01
5.566923039275297747e-01
1.103080737730371963e-01
4.265628608000668898e-01
3.390870667861145549e-01
4.907203918869311732e-01
7.024895811819863445e-01
7.501857084972858303e-01
4.234646106960242573e-01
2.773652299723226022e-01
5.829968078531371223e-01
3.665281327231669772e-01
2.484127850276347527e-01
2.571429425174519556e-01
6.886831798238712832e-01
6.444159340811195236e-01
1.737599317295321910e-01
2.016901359235887536e-01
7.631272868748628646e-01
3.399888466396748798e-01
1.809119364561162513e-02
1.978252644221321077e-01
8.961306412224114837e-01
1.897802763672294946e-01
8.685183801534991366e-01
6.942810464367124013e-01
2.005298286263332841e-01
5.422220605484993072e-01
4.490545400713858992e-01
1.391085007895176417e-02
4.738579694314350998e-01
3.853646495603911815e-01
5.161690225632522555e-01
7.217705111625594139e-01
9.432055672493244725e-02
9.637028346365528186e-02
2.478053647434239615e-01
6.830338799493089752e-01
9.449988397326103406e-02
9.588526170014968208e-01
9.562052918218995057e-01
9.771397735110529670e-01
7.668619214143526097e-01
6.649775457170596926e-01
1.153062105734856679e-01
3.927918109154735493e-01
2.302456397026217960e-01
7.207748250292916881e-01
1.127750211035900563e-01
6.635564906397195539e-01
6.938018582092309039e-01
2.338958364105366838e-01
6.257100141391567227e-01
5.541689223614425508e-01
6.475990155414621530e-01
8.509393092890932264e-01
3.473311370977714141e-01
3.993403068269559819e-01
2.787968862108539669e-01
4.646051839640323866e-01
3.010672575343689150e-01
1.369999221205362439e-01
4.952565638839397932e-01
2.624646277484441459e-01
4.804348963050677490e-01
2.576723922442505366e-01
1.702942185476969961e-01
5.257489166594159213e-01
6.829251875359391155e-01
8.060036739023819230e-01
1.722556784169233524e-01
9.606789659282449767e-01
8.094941437453394562e-01
7.498831395010097101e-01
2.228237907349976954e-01
7.386852655671060086e-01
7.999708586429433721e-01
8.050253384990839756e-01
8.581296751876054119e-01
7.234458243381078901e-01
7.278689571708915063e-01
9.915785360909935564e-01
1.871808242566672664e-01
6.576428577183811575e-01
3.719328719952782469e-01
7.692652459459378145e-01
3.207142123085645613e-01
1.035058042210590390e-02
3.209142814504951646e-01
4.657756731457806110e-01
7.990831157557476416e-01
7.444571559228354563e-01
6.480330046909144048e-01
7.655146422971506048e-01
2.855659640608623207e-01
7.262944071871246798e-01
8.429524021387091448e-01
5.924244006050536360e-01
9.079573842893527980e-01
6.498717063432882801e-01
5.316485809193137735e-01
8.677506098540895829e-01
9.343604586466131012e-01
2.447420496780623456e-01
5.832557584641376858e-01
4.137294317158459744e-01
4.629624003788919140e-01
2.152115415021926825e-02
5.473811089704561095e-01
4.628648105006507585e-01
9.600962102427991196e-01
3.610633630608468536e-01
1.596113546212296619e-01
9.657356928267707419e-01
8.231280136977613404e-01
3.478108950182592363e-01
1.665126099837240803e-01
5.758547873983013154e-01
4.125610315282564056e-01
8.812811937146742824e-01
6.142820156921235952e-02
3.801854902412133974e-01
3.971646623801964315e-01
5.088906020979607758e-01
1.607696882355277301e-01
2.831737302925918520e-02
6.141956419555681945e-01
9.450508669549907426e-01
5.954916785796319223e-01
7.805255470576997201e-01
7.073366913479749440e-01
5.607644777492037935e-01
9.506774212977017191e-01
4.245810654083481683e-02
5.238541333199377981e-01
9.547754625965356734e-01
8.550887355491175734e-01
5.897728181682295734e-01
4.901374928304843559e-01
6.894105426259706793e-01
6.647747151145797506e-01
8.979427278695238934e-01
9.825554158473562838e-01
5.658382440124787305e-01
5.380609685783704910e-01
8.608169081265774070e-01
1.285486758139936514e-01
2.096715416611482086e-01
3.335765695916944606e-01
5.032449320929195391e-01
2.442649654447021090e-01
8.170882029122378265e-01
1.145688189112006317e-01
7.233394944532568482e-01
2.612473013231570995e-01
9.224020729291171339e-01
4.063775725723163257e-01
5.514278809378786450e-01
9.673631027206740507e-01
5.854313968207491836e-01
1.645563642333469634e-01
8.327351936166386137e-01
7.956185649822234973e-01
6.245505443758900821e-01
5.615042389479361074e-01
1.087671042155399226e-01
8.999358192536690559e-01
5.213224531785903837e-01
5.558294636792973087e-01
7.572802298335544746e-01
3.413908612665851328e-01
4.384636719148936601e-01
8.929706337095271174e-01
5.273102578822611575e-01
4.979344632076591060e-01
4.870474030192484260e-01
2.317951827564229683e-01
1.555853284964526795e-01
2.205436723161453560e-01
5.416796033874041738e-01
9.917059377427859257e-01
6.832787647466777026e-01
2.007158924551319945e-01
9.980907627665445148e-01
1.339555180286433611e-01
7.348805011373756857e-01
4.199549811316127812e-02
4.978280296220317647e-01
5.424881980135771720e-01
9.656989198451707557e-01
9.594789828894729755e-01
9.135636431388951539e-01
4.048112810473309953e-01
8.005272212922310837e-01
8.847629958583763665e-01
5.416734300909413768e-01
5.026962543984679899e-01
7.050559985342420566e-01
8.372200170407559927e-01
7.396603093765052872e-01
5.912590590000701418e-01
6.729993123376012409e-01
6.532063187025372031e-03
7.320249503507630928e-01
6.759537561218327273e-01
6.560187260007461774e-01
5.615346946713295484e-01
4.914131232459458820e-01
7.092323583118872454e-01
4.555978671006950531e-01
8.295834331111022752e-01
4.564173559962662052e-01
3.464070922872767300e-01
6.217070097210312118e-01
8.774221286263517161e-01
1.308089932605039918e-01
8.326920834018367579e-01
5.354357589778908633e-01
7.173593987773515535e-01
6.585730140038389413e-01
9.279664900477346823e-02
1.849743949483790839e-01
7.393308381138253838e-01
5.200417937017446368e-01
5.445601977679155326e-01
7.919726920821137384e-01
2.427443096870918193e-01
5.283892880633673794e-01
8.336496723131389119e-01
9.978689331237011739e-02
4.226331031273260486e-01
1.949177290636378013e-01
1.341125168205359319e-01
2.555115653835468015e-01
8.552373571860046875e-01
4.787933946791894657e-01
7.092730979423692572e-01
7.169085906253986895e-01
8.719606012667703299e-01
9.658287053538117117e-01
1.014296884162794177e-01
2.799537484562869549e-01
1.891061468589684269e-01
8.014701431444488655e-01
9.514744461034480016e-01
8.471895644933442604e-01
3.838345461807886050e-01
1.160973965837392985e-01
5.943249906829384255e-01
7.994563774889362762e-01
3.675150040026951004e-01
9.471237543967545580e-01
3.690265917314651256e-01
3.953036918736552163e-02
4.405325667050685734e-01
5.375837862368628706e-01
1.724759107653858203e-01
7.374210587676744977e-01
5.328691013779287555e-01
5.089059770725354870e-01
1.072454790914689760e-02
7.091321457475615597e-01
1.665940302703570186e-01
8.059554080129894826e-01
4.279421334489235118e-01
4.095384402143321667e-01
5.713017186663257307e-01
8.335416323007697192e-01
5.983311791452611272e-01
3.826001002899013237e-01
5.453406466472134895e-01
8.756990889127971300e-01
7.617318010993104904e-01
5.932693885352551266e-01
8.146795037820180330e-01
4.880629163820876526e-01
1.350753348069576587e-01
1.706048061724226850e-01
2.233325551981403256e-01
8.596909503820245879e-01
5.940930359336062949e-01
9.893003843019089194e-01
8.351332551858827724e-01
4.242687490247981641e-01
4.802099604012983747e-01
5.683696296072673348e-01
5.456670403858496776e-01
4.347592704318021806e-01
7.977197729682707905e-01
3.507506377953393262e-01
1.043448622777021217e-01
5.344500977966929467e-01
8.859097806873379444e-01
6.073178296008288068e-01
6.359245167119997877e-01
7.022811162098996363e-02
6.083421056951917594e-01
3.483782911444893715e-01
8.374983662164158238e-01
9.830013221432862824e-01
3.404581322459363513e-01
7.334274337208628314e-01
3.083950176733050164e-01
3.997661849139527712e-01
3.167408673147256160e-01
6.168719260433621621e-01
4.367169867415930939e-01
2.125270055253534185e-01
4.095373180792338808e-01
5.328479063384832237e-01
9.087818214369088876e-01
8.855983589836453618e-01
1.293336154890398770e-01
5.956783835879132516e-01
9.333435991170535573e-01
2.063103408098085900e-01
9.995728731320924210e-01
8.140670131992865377e-01
2.305513047107853319e-01
1.538113013062581969e-01
1.991027391309645456e-01
3.809849611887887733e-01
9.797706510974383276e-01
5.565691741838819651e-01
4.911574150927264792e-01
6.694933077444622516e-01
5.296611506425809024e-01
3.711854403991616813e-01
6.694894683902821164e-01
1.430661804185826558e-01
8.839722605795339305e-01
4.573240845677265520e-01
7.393178253118100063e-01
2.511396327766748371e-01
3.680399639033778980e-01
4.216358774004816956e-01
6.272823094900634722e-01
9.205734655409569811e-01
9.391246450994461537e-01
8.810859383352530605e-01
7.979731243853900313e-01
5.969386598910397801e-01
1.402138420487982762e-01
3.618797653913650159e-01
5.402849024344057449e-01
5.230516214170957134e-01
5.297071811874548564e-01
9.622024603229953899e-01
7.898199430927642650e-01
3.479186235894385915e-01
5.792447202803718831e-02
8.743988118247476571e-01
6.249751307067112904e-01
4.988199995654802876e-01
7.701595356506318879e-01
5.616738160837368987e-01
8.302121611044145366e-01
4.960964782503997084e-01
4.671998238326222630e-01
7.947699117336017860e-01
6.586069716225902981e-01
7.141571725336803844e-02
5.044613554109387277e-01
3.359291943031381678e-01
1.565922670396598937e-01
7.701558345342641720e-01
6.730064328793960993e-02
4.884637170159175090e-01
1.528225100851056117e-01
8.829498753855224980e-02
6.549592516143842857e-02
9.236013255975779046e-01
2.776889670200766158e-02
8.036409553372895198e-01
4.217148828149255291e-01
8.517047031854507733e-02
9.971808421542105449e-01
9.181256062086800007e-01
3.448745912679530568e-01
5.994921769847725290e-01
6.487148385060623745e-01
6.084767850527588173e-01
7.184855675064847347e-01
6.790779149501221523e-01
3.073113494434841497e-01
6.693176882861824328e-01
1.930974032136278939e-01
6.513187935759763292e-01
3.333220569752770590e-01
4.387012620027941345e-03
2.256797181158198828e-02
7.370591091377428627e-01
1.522565093314776075e-01
8.168657142389412762e-02
1.406085374086866180e-01
1.472682515049473784e-01
1.923295227570258614e-01
8.514298304871110723e-01
3.069216696981099668e-01
3.728455925481374278e-01
3.291513793993620096e-01
1.406833544489942689e-01
6.936286193203212713e-01
5.885200011442955903e-01
7.547838943210960494e-01
3.426247995741724672e-01
6.314173641519689184e-01
8.869867153554675809e-01
2.528259407486396215e-01
9.142873383881198190e-01
2.824715580480087196e-01
5.376824773766343268e-01
3.207270361571878947e-01
2.184041945687966724e-01
4.223529923008566556e-01
9.182601813864682549e-01
5.096658544860217521e-01
1.726468919080076381e-01
2.751171915344774455e-02
8.580013183820661693e-01
9.154488436059075029e-01
5.839287245468057774e-01
3.585150568730218756e-01
9.373351930644193697e-01
7.606303879382756428e-01
1.848092387894811894e-01
1.891469350406911332e-01
9.940110898504818104e-01
6.920682896905274717e-01
5.595588904523782769e-01
6.769616973016735484e-01
1.252464926223010311e-01
5.378732669986306947e-01
8.903224580085583595e-01
3.932606869736684496e-01
7.289606998077372557e-01
1.367914549923689993e-01
6.015239381721347867e-01
4.497508052399395995e-01
4.518850839334376257e-01
5.374155180790861630e-01
2.317626185830459207e-01
6.952152688042750883e-01
2.780826396046629512e-01
5.151515088310253399e-01
2.141595358060235377e-01
5.430845156203001345e-01
8.747195660294618813e-01
4.107918600587854296e-01
3.984414807028811012e-01
7.480286571001734108e-01
4.548460928619202370e-02
9.966020657526427629e-01
5.672814512890119731e-01
6.538151570964976234e-01
5.481461708327060034e-01
8.196750752930461736e-01
5.443113601995038797e-01
1.286778200398445149e-01
6.217367591716435049e-01
3.182948586968779026e-01
9.095118536943392895e-01
4.114152763843300642e-01
8.482716038658802971e-01
7.180878554880928410e-01
8.005785853064459889e-01
4.466561692000476924e-01
4.059073395181433952e-02
4.709872819346084816e-01
8.614926760808790940e-01
6.442648007413360745e-01
4.150113605826221130e-01
6.934937988153718758e-01
5.079454741615585522e-02
3.702157833679443621e-01
1.745117734179704172e-01
5.147748756627564815e-01
3.322158813794378052e-01
8.193052487803607065e-01
4.824705648202787245e-01
5.547723773357587929e-01
9.826307819537704047e-01
3.549404708459534818e-01
7.475179909352556162e-01
2.368849809235400450e-01
3.846731826466740500e-01
3.455515879314832173e-01
8.791828949248751135e-01
1.119794909240070524e-01
2.293141062743961900e-01
6.820441727176087543e-01
1.956359696795005876e-01
9.362949029493690123e-01
7.882036637449416627e-01
7.352476233444507070e-01
9.646928466281866621e-01
9.593969122142801398e-01
9.740656653200241433e-02
7.023703455839460652e-01
7.719402161215089819e-01
3.972117527025799122e-01
1.716553855895019964e-02
5.675921299210764381e-01
5.037390176079648008e-01
5.468728732537198045e-01
2.644818894615404981e-01
6.727793219983856376e-01
9.678594289852986421e-01
8.040262265376011408e-01
2.860219465574834752e-01
2.129099968351406691e-01
9.976524685140802928e-01
1.909794445981995992e-01
9.934881793648875359e-02
8.822865576239595775e-01
4.991405763616363345e-02
9.431195952095660084e-01
4.458480883325455224e-01
3.204345125795620142e-01
8.567241056772612051e-01
8.843014445935267753e-01
5.268036044049337896e-01
7.950907264440595368e-01
7.001053971881436855e-01
8.960443091853014241e-01
3.627744169667668217e-02
1.472167849807434203e-01
6.604672230213767259e-01
2.833310788489085130e-01
9.184666179672736908e-01
8.206478080932986252e-01
9.966718817799748997e-01
6.581191779301817091e-01
1.005666438901127169e-01
2.625728928429407194e-01
6.446597412078350908e-01
4.763059671566515219e-01
5.344875863370679436e-01
7.370211870021947664e-02
6.564693450759170323e-01
3.654949591106710916e-01
6.832082919489633754e-01
4.815993318531486267e-01
1.547584188136875705e-01
7.246635873451690024e-02
4.261809158598292013e-01
1.588268874213464299e-01
4.995914195154846915e-01
7.692000329759454136e-01
3.785667252557959328e-01
7.336710495125590148e-01
3.596189876531948881e-01
3.964312002037112537e-01
4.147826487702870324e-01
1.203018317149221472e-01
8.801624904286362572e-01
7.843339229329757689e-01
1.627227752694793139e-01
1.678453687845450348e-01
7.241919326219081743e-02
6.872903922454234316e-01
3.116798027548909333e-01
9.493996246829006225e-03
2.281878080883659177e-02
9.678879443915868741e-01
8.464991752398498548e-02
4.255576061956101164e-02
7.340365144079722404e-01
8.584130736885388080e-01
2.340740489708047489e-01
3.952325414966959549e-01
3.460008084485179936e-01
4.920873869209372309e-01
4.120052386769479380e-02
7.824632385209431273e-01
7.878783046642805488e-01
8.978616714683065325e-01
5.748617140467360276e-02
7.538805022544804446e-01
9.575809362307450279e-01
9.519318190716618000e-01
3.922996208573662491e-01
3.770564520184338519e-01
5.788332845914891944e-01
5.187006051594400535e-02
2.318916823786218995e-01
8.907281880015626152e-01
5.997882712604545308e-01
3.003459291238822493e-01
3.599755899105360202e-01
5.793052854584048728e-01
2.229218283245492094e-01
2.266604650875482241e-01
6.317695121661270896e-02
8.753385858690931887e-01
8.452241316440513019e-01
9.563458523382586396e-01
8.707454631371093212e-01
5.883028742005671496e-01
1.748920372997418982e-01
7.484153406709377343e-01
9.528593149755936187e-01
5.080934930259229931e-01
2.638176325520275034e-01
7.784851399266523586e-01
1.698203555903462503e-01
3.234114322965764288e-02
7.256634229247754808e-01
7.617510279840358223e-01
5.495039503506961021e-01
5.152952697550327033e-01
6.008032653857694472e-01
5.964326059964940585e-01
7.789235132775189641e-01
2.654351115418950302e-01
4.684237899652087256e-01
9.835981512048499464e-01
5.057947301769752935e-01
5.533725295525693255e-01
2.838285037229427710e-01
9.159348042120240008e-01
7.386693864570625934e-01
1.571294797502144069e-01
9.399892787864259081e-01
1.554906046291282262e-01
1.210582688889645375e-01
9.894824831131632248e-01
9.236512390933985239e-01
5.382014459690547259e-01
6.305571443157899081e-01
7.342210610484090072e-01
3.384235641026014374e-01
5.024169364099058122e-01
1.098452596842758311e-02
3.377660210117020556e-01
4.910827688161863991e-01
5.730278995510532658e-01
3.467480556295021721e-01
7.459419413769495799e-01
8.170927366597336983e-01
1.320973596130122774e-01
1.810038628295660423e-01
1.747627748661338964e-01
9.398348143577485159e-01
2.751570736369577386e-01
9.747477125718667645e-01
8.990632768728756830e-02
6.658298895689610530e-01
2.109104050415344656e-02
7.564389251369142420e-01
5.812870471456879073e-01
2.372209708579282594e-01
9.109617216732712741e-02
4.371387959387303956e-01
4.727879869999218609e-01
8.713655107898068408e-01
5.578327320502908249e-01
5.815089308886667308e-01
8.255910609092466101e-01
7.023977206275122676e-02
2.767809102449261260e-01
6.750832759927882787e-01
6.765131865521238907e-01
8.068175661463070636e-01
6.908077713222637861e-01
1.421150423592876244e-02
7.424298784820256847e-01
1.910633252202786903e-01
3.225564404528239448e-01
2.017724973830936630e-02
8.941951728847671310e-01
9.489374794199657570e-01
3.587622209297276488e-01
7.799337680390916461e-01
2.353149396896923040e-01
4.531948154467474454e-01
7.971715870010610550e-01
3.221763175366210152e-01
6.941926698928521100e-01
6.497364123065141328e-01
3.775024134640778684e-01
4.906015487485545501e-01
1.696237521527688141e-01
7.325100699394474502e-01
4.003071805095704816e-01
2.322096771943129578e-01
3.431240216383321107e-01
5.757306790795301277e-01
7.744978707032996734e-01
9.215038521038177999e-01
2.216864007901755418e-01
7.082074301864836885e-01
9.343523849813081261e-01
7.027282729680461859e-01
8.398950182218927196e-01
1.863676491232568733e-01
1.028352152711812240e-01
8.226118648642644082e-01
7.153099253779785505e-01
6.373861287147604138e-01
5.134424002835658030e-01
2.262722180450802423e-01
3.479189757342127098e-01
4.701668405629744196e-02
6.691534224937861763e-01
3.345268329384895045e-01
1.422181664069080975e-01
4.098971837399851825e-01
4.761189238416874137e-01
1.013852888205764025e-01
7.716680442916050708e-01
5.076419702475629681e-01
6.701824995147238617e-01
5.263906639498220352e-01
8.514643267708509322e-01
2.695376580559702973e-01
6.289146873279007899e-01
8.015183947212420890e-01
6.274952552227874847e-01
1.145713910262279311e-01
1.272061344064213673e-01
9.383163841012264195e-01
1.411708607125544690e-01
2.467289945920020378e-01
7.886575532045038139e-01
3.474081534055253329e-01
9.743785613041766602e-01
7.594874637327592160e-01
7.394218631033381284e-01
3.096998595188851233e-01
8.121956701183165039e-01
5.359102765629897291e-02
3.928076003295184471e-01
9.559469738068890887e-01
2.815166638583197489e-01
6.365883399757878980e-01
3.191471218297720069e-01
1.965201912959363417e-01
2.578051841520786480e-01
5.741625475884029051e-01
1.527434179183173590e-01
7.507269134526198817e-01
3.936769708306340210e-01
1.724142412522743362e-01
4.191700337295393153e-01
7.108183264611828145e-01
5.316504822816264797e-01
5.436410888602302149e-01
7.713071770801587235e-01
7.786465952800113444e-01
9.374759925906760438e-01
6.023427137109818030e-01
9.662619839341276551e-01
8.732763022529712593e-01
4.193426723797039068e-01
8.641581942245205594e-01
8.608666088003661399e-01
9.428321508663215500e-01
3.750661047146253146e-01
7.032088963393686720e-01
2.255017764618214571e-01
1.039292114460313998e-01
4.923415882926740483e-01
1.131572496946170459e-01
3.757621976805802788e-01
2.695478053147666309e-01
4.846019639656543587e-01
3.902214799102159404e-01
4.229632155588175513e-01
3.405755219022282843e-01
2.390203393378164121e-01
3.931942693273707823e-01
4.320264753700820970e-01
3.155018124663606649e-01
2.916306828109589411e-01
8.588462419018426663e-01
3.373423171193737913e-01
6.218919649040026698e-01
7.956651320932683902e-01
2.724813812437709704e-01
8.176734481642766728e-01
3.204804289413695217e-01
1.985910921974857191e-01
4.280267749655788379e-01
4.794684743078536648e-02
2.465117122101512237e-02
1.718235300189541181e-01
5.826247783460223317e-01
4.498890395045018753e-02
8.416788941368640309e-01
8.357582956640874361e-01
3.859609181732868155e-01
7.623364783613523210e-01
8.196225784133136516e-01
6.122639250436611169e-01
1.418406628050640217e-01
4.471265565203499381e-01
8.850545478769812346e-01
1.745471903671573788e-01
9.031202609671890036e-01
4.099923410424277659e-01
3.126543573420181854e-01
9.984321980948860364e-01
4.994194747573831306e-01
8.143539665943003714e-01
2.927471647412264177e-01
7.828814901924348035e-01
4.906937249778420274e-01
6.589294065328543670e-01
1.919910337688908175e-01
5.484201848469535401e-01
9.273762295529578426e-01
4.264870905207309715e-01
7.393265210705812773e-01
8.345975050644105497e-01
7.135297880583767460e-01
6.120448573817008908e-01
7.388367580023614822e-01
1.115870005356606187e-01
3.783851195999241579e-01
6.297848786897424223e-01
4.083372922048835729e-01
1.042817956484870523e-01
2.575849062400646927e-01
8.274448737456430170e-02
4.782315960986528447e-01
4.803672627544673945e-01
8.963537773100871409e-01
5.813933471324962410e-01
